2.04	2.22	1
2.12	2.31	1
2.12	2.44	1
2.14	2.45	1
2.16	2.41	1
2.17	2.2	1
2.17	2.33	1
2.17	2.52	1
2.18	2.49	1
2.18	2.54	1
2.2	2.18	1
2.21	2.26	1
2.21	2.37	1
2.22	2.24	1
2.22	2.41	1
2.23	2.32	1
2.23	2.42	1
2.23	2.48	1
2.24	2.28	1
2.24	2.41	1
2.24	2.45	1
2.25	2.23	1
2.25	2.31	1
2.25	2.37	1
2.26	2.3	1
2.26	2.36	1
2.26	2.4	1
2.26	2.44	1
2.26	2.48	1
2.26	2.55	1
2.27	2.26	1
2.27	2.28	1
2.27	2.4	1
2.27	2.5	1
2.27	2.52	1
2.28	2.27	1
2.28	2.34	1
2.28	2.38	1
2.28	2.48	1
2.29	2.31	1
2.29	2.39	1
2.3	2.43	1
2.3	2.61	1
2.31	2.35	1
2.31	2.42	1
2.31	2.44	1
2.31	2.5	1
2.32	2.2	1
2.32	2.27	1
2.32	2.36	1
2.32	2.47	1
2.32	2.5	1
2.32	2.8	1
2.32	2.84	1
2.33	2.26	1
2.33	2.33	1
2.33	2.39	1
2.34	2.3	1
2.34	2.31	1
2.34	2.34	1
2.34	2.37	1
2.34	2.39	1
2.34	2.44	1
2.35	2.29	1
2.35	2.31	1
2.35	2.53	1
2.36	2.36	1
2.36	2.43	1
2.36	2.55	1
2.37	2.28	1
2.37	2.39	1
2.37	2.43	1
2.37	2.44	1
2.37	2.5	1
2.38	2.44	1
2.39	2.2	1
2.39	2.3	1
2.39	2.34	1
2.39	2.38	1
2.39	2.43	1
2.39	2.47	1
2.4	2.48	1
2.4	2.52	1
2.4	2.53	1
2.4	2.55	1
2.41	2.46	1
2.41	2.48	1
2.42	2.35	1
2.46	2.4	1
2.47	2.33	1
2.47	2.34	1
2.48	2.44	1
2.48	2.46	1
2.5	2.36	1
2.51	2.3	1
2.51	2.5	1
2.54	2.48	1
1.15	2.96	2
1.22	3.31	2
1.24	3.14	2
1.25	2.79	2
1.32	2.63	2
1.34	3.05	2
1.36	2.94	2
1.37	2.92	2
1.4	2.84	2
1.4	2.93	2
1.4	3.26	2
1.4	3.33	2
1.41	2.99	2
1.43	2.96	2
1.43	3.13	2
1.43	3.35	2
1.44	3.1	2
1.45	3.15	2
1.45	3.16	2
1.46	2.94	2
1.47	2.94	2
1.47	3.12	2
1.47	3.24	2
1.48	2.73	2
1.48	2.82	2
1.48	3.08	2
1.49	2.89	2
1.5	3.24	2
1.53	2.82	2
1.53	3.02	2
1.53	3.1	2
1.54	2.87	2
1.54	3.03	2
1.54	3.33	2
1.55	3.4	2
1.55	3.46	2
1.56	2.99	2
1.56	3.26	2
1.58	3.01	2
1.58	3.15	2
1.59	3.07	2
1.59	3.2	2
1.59	3.3	2
1.6	2.85	2
1.6	2.98	2
1.6	3.07	2
1.61	2.92	2
1.61	2.95	2
1.61	3.02	2
1.61	3.09	2
1.61	3.13	2
1.62	2.97	2
1.62	3.02	2
1.62	3.13	2
1.62	3.14	2
1.63	3.29	2
1.64	2.58	2
1.64	2.93	2
1.64	3	2
1.64	3.22	2
1.65	2.88	2
1.65	3.54	2
1.66	2.72	2
1.66	2.88	2
1.66	2.96	2
1.66	2.99	2
1.66	3.21	2
1.67	2.92	2
1.67	2.95	2
1.67	3.1	2
1.68	3.19	2
1.69	3.12	2
1.69	3.22	2
1.7	2.91	2
1.72	3.18	2
1.72	3.23	2
1.73	2.92	2
1.73	3.29	2
1.73	3.3	2
1.74	2.69	2
1.74	3.13	2
1.74	3.22	2
1.75	2.79	2
1.78	2.98	2
1.78	3	2
1.78	3.12	2
1.79	2.94	2
1.79	3.01	2
1.8	3.06	2
1.81	3.03	2
1.82	2.82	2
1.84	3	2
1.84	3.23	2
1.85	3.28	2
1.85	3.31	2
1.93	2.89	2
1.98	3.41	2
1.99	3.13	2
2.07	3.13	2
2.14	3.24	2
3.24	2.26	3
3.24	2.53	3
3.3	2.39	3
3.32	2.56	3
3.32	2.57	3
3.33	2.29	3
3.33	2.35	3
3.36	2.49	3
3.37	2.43	3
3.37	2.51	3
3.37	2.72	3
3.39	2.36	3
3.39	2.46	3
3.39	2.52	3
3.39	2.57	3
3.39	2.66	3
3.4	2.43	3
3.41	2.36	3
3.41	2.37	3
3.41	2.4	3
3.41	2.58	3
3.42	2.28	3
3.42	2.37	3
3.42	2.5	3
3.42	2.52	3
3.43	2.33	3
3.43	2.37	3
3.43	2.38	3
3.43	2.47	3
3.44	2.33	3
3.44	2.34	3
3.44	2.5	3
3.44	2.56	3
3.44	2.64	3
3.46	2.26	3
3.46	2.6	3
3.46	2.65	3
3.47	2.49	3
3.48	2.33	3
3.48	2.47	3
3.48	2.48	3
3.48	2.49	3
3.48	2.61	3
3.49	2.32	3
3.49	2.45	3
3.49	2.55	3
3.5	2.47	3
3.51	2.51	3
3.52	2.28	3
3.52	2.33	3
3.52	2.45	3
3.52	2.5	3
3.52	2.51	3
3.53	2.26	3
3.53	2.53	3
3.53	2.69	3
3.53	2.74	3
3.54	2.45	3
3.54	2.57	3
3.54	2.72	3
3.55	2.42	3
3.55	2.45	3
3.55	2.48	3
3.55	2.57	3
3.55	2.6	3
3.55	2.62	3
3.55	2.65	3
3.56	2.45	3
3.56	2.48	3
3.56	2.5	3
3.56	2.52	3
3.56	2.62	3
3.57	2.47	3
3.57	2.55	3
3.58	2.59	3
3.59	2.39	3
3.59	2.41	3
3.59	2.51	3
3.6	2.39	3
3.6	2.41	3
3.6	2.56	3
3.61	2.58	3
3.62	2.44	3
3.63	2.37	3
3.63	2.58	3
3.63	2.62	3
3.63	2.68	3
3.65	2.52	3
3.65	2.59	3
3.65	2.6	3
3.65	2.62	3
3.67	2.43	3
3.67	2.49	3
3.69	2.37	3
3.69	2.54	3
3.71	2.61	3
3.74	2.56	3
1.03	0.9	4
1.08	0.8	4
1.12	0.98	4
1.14	1.55	4
1.15	1.12	4
1.17	0.81	4
1.19	1.21	4
1.19	1.35	4
1.24	1.78	4
1.25	1.24	4
1.26	1.2	4
1.29	1.42	4
1.29	1.54	4
1.31	1.19	4
1.32	1.47	4
1.32	1.57	4
1.33	0.97	4
1.33	1	4
1.34	1.19	4
1.35	1.14	4
1.36	1.09	4
1.36	1.49	4
1.39	1.41	4
1.39	1.49	4
1.41	1.03	4
1.42	1.05	4
1.44	0.64	4
1.44	1.05	4
1.44	1.12	4
1.45	0.61	4
1.46	1.23	4
1.46	1.31	4
1.46	1.76	4
1.47	1.08	4
1.49	0.99	4
1.49	1.47	4
1.5	0.96	4
1.5	1.17	4
1.5	1.32	4
1.5	1.38	4
1.5	1.77	4
1.51	1.17	4
1.52	1.09	4
1.53	0.93	4
1.53	1.09	4
1.53	1.33	4
1.54	1.39	4
1.55	1.45	4
1.57	0.92	4
1.57	1.13	4
1.58	1	4
1.58	1.47	4
1.6	0.82	4
1.6	1.02	4
1.62	1.41	4
1.62	1.75	4
1.63	1.27	4
1.63	2.06	4
1.64	1.42	4
1.65	1.47	4
1.66	1.21	4
1.66	1.6	4
1.69	0.87	4
1.69	1.02	4
1.7	1.36	4
1.7	1.46	4
1.7	1.5	4
1.71	0.71	4
1.71	0.77	4
1.71	1.05	4
1.72	0.87	4
1.72	1.75	4
1.74	1.42	4
1.77	1.2	4
1.79	1.04	4
1.79	1.18	4
1.8	1.39	4
1.82	1.04	4
1.84	0.83	4
1.84	1.21	4
1.86	1.12	4
1.86	1.73	4
1.87	1.68	4
1.88	1.05	4
1.89	0.91	4
1.89	1.13	4
1.89	1.26	4
1.9	1.12	4
1.92	1.04	4
1.94	1.1	4
1.98	1.17	4
1.99	0.91	4
2	1.22	4
2.01	1.45	4
2.03	1.25	4
2.06	1.64	4
2.11	1.47	4
2.12	1.6	4
2.18	1.17	4
2.25	1.21	4
2.05	4.25	5
2.09	4.3	5
2.1	4.28	5
2.11	4.26	5
2.13	4.2	5
2.15	4.1	5
2.16	4.15	5
2.16	4.37	5
2.17	4.18	5
2.17	4.23	5
2.17	4.29	5
2.18	4.14	5
2.18	4.25	5
2.18	4.28	5
2.19	4.23	5
2.2	4.16	5
2.2	4.26	5
2.21	4.09	5
2.21	4.18	5
2.21	4.24	5
2.22	4.19	5
2.22	4.26	5
2.23	3.99	5
2.23	4.12	5
2.24	4.11	5
2.24	4.24	5
2.24	4.28	5
2.24	4.29	5
2.24	4.3	5
2.25	4.14	5
2.25	4.17	5
2.25	4.19	5
2.25	4.27	5
2.26	4.15	5
2.26	4.16	5
2.26	4.24	5
2.26	4.33	5
2.27	4.13	5
2.27	4.18	5
2.28	4.09	5
2.28	4.1	5
2.28	4.13	5
2.28	4.14	5
2.28	4.23	5
2.28	4.3	5
2.28	4.34	5
2.29	4.07	5
2.29	4.16	5
2.29	4.18	5
2.29	4.2	5
2.29	4.21	5
2.29	4.24	5
2.29	4.29	5
2.3	4.09	5
2.3	4.21	5
2.31	4.16	5
2.31	4.19	5
2.31	4.32	5
2.32	4.15	5
2.32	4.23	5
2.33	4.13	5
2.33	4.25	5
2.33	4.26	5
2.33	4.27	5
2.34	4.11	5
2.34	4.15	5
2.34	4.17	5
2.34	4.31	5
2.35	4.11	5
2.35	4.12	5
2.35	4.18	5
2.35	4.23	5
2.35	4.28	5
2.35	4.3	5
2.36	4.09	5
2.36	4.15	5
2.36	4.16	5
2.36	4.22	5
2.37	4.32	5
2.38	4.25	5
2.39	4.05	5
2.39	4.16	5
2.4	4.09	5
2.4	4.16	5
2.4	4.23	5
2.41	4.15	5
2.41	4.35	5
2.42	4.13	5
2.42	4.23	5
2.43	4.12	5
2.43	4.2	5
2.43	4.25	5
2.44	4.03	5
2.44	4.17	5
2.47	4.28	5
2.73	3.21	6
2.77	3.2	6
2.79	3.18	6
2.79	3.2	6
2.8	3.13	6
2.81	3.29	6
2.82	2.95	6
2.82	3.08	6
2.82	3.23	6
2.83	3.38	6
2.84	3.15	6
2.84	3.16	6
2.84	3.31	6
2.85	3.05	6
2.86	3.12	6
2.87	3.19	6
2.89	3.12	6
2.89	3.13	6
2.89	3.42	6
2.89	3.54	6
2.9	3.08	6
2.91	3.11	6
2.91	3.27	6
2.92	3.05	6
2.92	3.18	6
2.92	3.36	6
2.93	3.17	6
2.94	3	6
2.94	3.05	6
2.94	3.13	6
2.94	3.16	6
2.94	3.23	6
2.94	3.37	6
2.96	3.03	6
2.96	3.11	6
2.96	3.13	6
2.96	3.18	6
2.96	3.21	6
2.96	3.25	6
2.96	3.28	6
2.96	3.31	6
2.98	3.33	6
2.98	3.37	6
2.99	3.09	6
2.99	3.1	6
2.99	3.13	6
2.99	3.25	6
2.99	3.28	6
3	3.28	6
3.01	3.13	6
3.01	3.15	6
3.01	3.29	6
3.02	2.8	6
3.02	2.99	6
3.02	3.03	6
3.02	3.05	6
3.02	3.13	6
3.02	3.25	6
3.03	3.07	6
3.03	3.13	6
3.03	3.3	6
3.03	3.34	6
3.03	3.36	6
3.04	3.04	6
3.04	3.2	6
3.04	3.23	6
3.06	3.27	6
3.07	3.14	6
3.07	3.33	6
3.08	2.99	6
3.08	3.05	6
3.08	3.09	6
3.08	3.14	6
3.08	3.16	6
3.09	3.12	6
3.1	3.27	6
3.1	3.35	6
3.11	2.89	6
3.11	3.18	6
3.11	3.32	6
3.12	3.28	6
3.13	3.17	6
3.13	3.29	6
3.15	3.08	6
3.15	3.14	6
3.16	3.15	6
3.16	3.23	6
3.16	3.3	6
3.17	3.03	6
3.18	3.06	6
3.18	3.14	6
3.18	3.2	6
3.18	3.38	6
3.22	3.55	6
3.24	3.09	6
3.25	3.25	6
3.3	3.27	6
3.63	3.65	7
3.83	3.96	7
3.85	3.44	7
3.85	3.8	7
3.88	3.73	7
3.9	3.69	7
3.92	3.89	7
3.94	3.6	7
3.98	3.68	7
3.99	3.65	7
3.99	3.91	7
4.01	3.65	7
4.02	3.77	7
4.02	3.8	7
4.03	3.77	7
4.04	3.33	7
4.04	3.76	7
4.05	3.86	7
4.05	3.93	7
4.06	3.86	7
4.06	4	7
4.06	4.17	7
4.07	3.6	7
4.07	3.87	7
4.07	3.93	7
4.08	3.72	7
4.08	4.06	7
4.09	3.66	7
4.09	3.81	7
4.1	3.67	7
4.1	3.79	7
4.1	3.94	7
4.12	3.84	7
4.13	3.87	7
4.13	4.09	7
4.14	3.71	7
4.14	3.79	7
4.15	3.79	7
4.15	3.88	7
4.16	3.67	7
4.17	3.63	7
4.17	3.69	7
4.17	3.72	7
4.17	3.75	7
4.18	3.79	7
4.18	3.81	7
4.18	3.94	7
4.18	3.95	7
4.18	4.02	7
4.19	3.77	7
4.19	3.8	7
4.19	3.81	7
4.19	3.95	7
4.2	3.75	7
4.2	3.8	7
4.21	3.69	7
4.21	3.7	7
4.21	3.71	7
4.21	3.8	7
4.21	3.86	7
4.22	3.77	7
4.22	3.79	7
4.23	3.68	7
4.23	3.74	7
4.23	3.82	7
4.23	3.98	7
4.24	3.93	7
4.24	3.97	7
4.25	3.58	7
4.25	3.77	7
4.25	3.82	7
4.26	3.91	7
4.27	3.68	7
4.27	3.73	7
4.27	3.8	7
4.28	3.78	7
4.28	3.8	7
4.28	4.01	7
4.29	3.69	7
4.29	4.07	7
4.31	3.55	7
4.31	3.75	7
4.32	3.73	7
4.32	3.92	7
4.33	4.06	7
4.34	3.69	7
4.34	3.79	7
4.35	3.67	7
4.36	4.02	7
4.37	3.66	7
4.37	4.11	7
4.38	3.91	7
4.38	4.03	7
4.38	4.04	7
4.4	3.82	7
4.45	3.67	7
4.47	3.66	7
4.47	3.71	7
4.5	4.09	7
4.52	3.93	7
3.26	0.91	8
3.31	1.14	8
3.45	0.98	8
3.49	1.14	8
3.53	0.57	8
3.54	1.03	8
3.55	0.93	8
3.55	1.53	8
3.57	1.32	8
3.58	0.52	8
3.6	1.3	8
3.61	1.06	8
3.62	1.07	8
3.66	0.87	8
3.7	1.26	8
3.74	1.15	8
3.77	0.87	8
3.79	0.73	8
3.8	0.98	8
3.8	1.24	8
3.8	1.33	8
3.83	1.23	8
3.83	1.38	8
3.84	1.27	8
3.86	0.93	8
3.87	0.46	8
3.89	0.68	8
3.89	0.82	8
3.9	0.76	8
3.91	0.8	8
3.93	0.63	8
3.93	1.12	8
3.94	0.71	8
3.94	0.74	8
3.94	0.86	8
3.94	0.9	8
3.94	1.16	8
3.95	1.23	8
3.96	0.97	8
3.96	1.28	8
3.97	0.79	8
3.97	0.97	8
3.97	0.99	8
3.97	1.07	8
3.97	1.21	8
3.98	0.78	8
4	0.66	8
4.01	0.99	8
4.02	0.87	8
4.03	1.11	8
4.06	0.84	8
4.06	0.93	8
4.06	1.14	8
4.06	1.68	8
4.07	1.04	8
4.08	1.07	8
4.08	1.19	8
4.09	1.36	8
4.1	0.77	8
4.1	1.01	8
4.1	1.34	8
4.1	1.53	8
4.11	0.99	8
4.11	1.01	8
4.11	1.09	8
4.12	0.94	8
4.13	1.01	8
4.13	1.19	8
4.14	0.84	8
4.16	0.85	8
4.17	0.73	8
4.17	1.24	8
4.2	0.79	8
4.21	0.83	8
4.21	0.94	8
4.22	0.88	8
4.22	1	8
4.23	0.67	8
4.23	0.82	8
4.23	0.95	8
4.23	1.31	8
4.24	1.12	8
4.26	0.93	8
4.28	1.13	8
4.29	0.89	8
4.29	1.01	8
4.29	1.19	8
4.3	0.77	8
4.31	1	8
4.33	0.66	8
4.35	1.04	8
4.35	1.13	8
4.36	0.84	8
4.39	1.17	8
4.5	0.62	8
4.51	0.8	8
4.53	1.27	8
4.56	0.95	8
4.67	0.97	8
2.74	1.49	9
2.79	1.47	9
2.8	1.46	9
2.8	1.48	9
2.8	1.51	9
2.8	1.6	9
2.81	1.41	9
2.81	1.47	9
2.81	1.48	9
2.82	1.44	9
2.82	1.47	9
2.82	1.51	9
2.82	1.52	9
2.83	1.42	9
2.84	1.41	9
2.84	1.48	9
2.84	1.53	9
2.84	1.59	9
2.85	1.44	9
2.85	1.47	9
2.85	1.49	9
2.85	1.51	9
2.85	1.52	9
2.85	1.54	9
2.85	1.57	9
2.86	1.41	9
2.86	1.45	9
2.86	1.55	9
2.87	1.46	9
2.87	1.47	9
2.87	1.48	9
2.87	1.53	9
2.87	1.54	9
2.88	1.45	9
2.88	1.46	9
2.88	1.47	9
2.88	1.48	9
2.88	1.52	9
2.88	1.53	9
2.88	1.6	9
2.89	1.47	9
2.89	1.48	9
2.89	1.49	9
2.9	1.35	9
2.9	1.4	9
2.9	1.42	9
2.9	1.47	9
2.9	1.48	9
2.9	1.49	9
2.9	1.52	9
2.9	1.56	9
2.9	1.59	9
2.9	1.6	9
2.91	1.44	9
2.91	1.47	9
2.91	1.49	9
2.91	1.5	9
2.91	1.52	9
2.91	1.59	9
2.92	1.44	9
2.92	1.46	9
2.92	1.49	9
2.92	1.52	9
2.92	1.53	9
2.92	1.54	9
2.92	1.57	9
2.93	1.43	9
2.93	1.46	9
2.93	1.49	9
2.93	1.51	9
2.93	1.53	9
2.93	1.54	9
2.93	1.58	9
2.94	1.43	9
2.94	1.47	9
2.94	1.48	9
2.94	1.49	9
2.94	1.5	9
2.94	1.52	9
2.95	1.44	9
2.95	1.46	9
2.95	1.48	9
2.95	1.5	9
2.95	1.53	9
2.95	1.59	9
2.96	1.55	9
2.96	1.56	9
2.96	1.58	9
2.98	1.46	9
2.98	1.52	9
3	1.58	9
3.02	1.43	9
3.02	1.45	9
