-1.98666	-0.00228882	1
-1.95108	0.0324707	1
-1.92679	-0.046936	1
-1.86688	-0.0678101	1
-1.84698	0.00881958	1
-1.8064	-0.108795	1
-1.784	-0.0264893	1
-1.75729	-0.185059	1
-1.7399	-0.0408325	1
-1.73489	-0.0914001	1
-1.71658	-0.0308838	1
-1.70807	-0.2211	1
-1.70673	-0.13623	1
-1.68668	0.270081	1
-1.66971	-0.298492	1
-1.66492	0.0975952	1
-1.64252	-0.310272	1
-1.63068	-0.00253296	1
-1.62112	0.0897827	1
-1.61554	0.166321	1
-1.61407	-0.382355	1
-1.6066	0.347351	1
-1.60306	-0.199371	1
-1.595	0.07901	1
-1.59195	0.360779	1
-1.58936	0.0223999	1
-1.58804	0.362732	1
-1.58438	-0.113831	1
-1.57388	0.262939	1
-1.57239	-0.361328	1
-1.56573	0.375122	1
-1.5614	-0.254486	1
-1.55902	-0.278778	1
-1.5528	0.357086	1
-1.54498	0.242676	1
-1.54111	0.337036	1
-1.53464	0.228302	1
-1.52863	0.0557861	1
-1.51288	-0.059082	1
-1.51059	-0.361603	1
-1.50552	0.48938	1
-1.49927	0.184265	1
-1.49515	-0.0307922	1
-1.48807	0.451355	1
-1.48346	0.173767	1
-1.47598	-0.3526	1
-1.46555	0.50119	1
-1.46384	0.35965	1
-1.45856	0.42926	1
-1.45395	-0.180267	1
-1.44376	-0.00686646	1
-1.44016	0.107635	1
-1.43466	0.224274	1
-1.42972	-0.295868	1
-1.42075	-0.220917	1
-1.4133	0.225006	1
-1.40979	0.18042	1
-1.40314	0.413483	1
-1.40115	-0.119781	1
-1.39865	0.140106	1
-1.38828	-0.548767	1
-1.38297	0.533112	1
-1.37769	-0.435028	1
-1.37555	0.324554	1
-1.37039	-0.0731506	1
-1.36783	-0.517639	1
-1.34933	-0.0012207	1
-1.34558	0.603424	1
-1.33566	-0.0579529	1
-1.33243	-0.315948	1
-1.33029	-0.0121155	1
-1.32767	0.430023	1
-1.32068	-0.307617	1
-1.31607	-0.201385	1
-1.31107	-0.000244141	1
-1.30746	-0.573303	1
-1.29886	-0.345551	1
-1.29474	-0.344635	1
-1.29062	0.605804	1
-1.27979	0.546448	1
-1.27356	0.584534	1
-1.27148	-0.499481	1
-1.26971	0.453003	1
-1.2674	0.291962	1
-1.26077	-0.0504761	1
-1.25916	-0.0043335	1
-1.25595	0.410278	1
-1.25195	-0.203003	1
-1.25006	0.443298	1
-1.24643	-0.546661	1
-1.23843	-0.454926	1
-1.23621	0.260803	1
-1.22723	0.599945	1
-1.22549	0.632782	1
-1.22211	-0.634735	1
-1.22003	-0.143372	1
-1.21259	-0.475494	1
-1.20874	0.383606	1
-1.20563	-0.649017	1
-1.20206	-0.109741	1
-1.19711	0.629974	1
-1.1936	0.618256	1
-1.19183	-0.107513	1
-1.19003	-0.0169373	1
-1.18143	0.624878	1
-1.18051	-0.701538	1
-1.17413	0.072113	1
-1.16898	-0.657288	1
-1.16473	0.209076	1
-1.15799	-0.423492	1
-1.15488	-0.326904	1
-1.15408	-0.142853	1
-1.15207	-0.651978	1
-1.14667	-0.37439	1
-1.14481	0.630157	1
-1.13977	-0.423279	1
-1.13577	0.51651	1
-1.13055	0.545013	1
-1.12375	0.577179	1
-1.12106	-0.0520935	1
-1.11835	0.618256	1
-1.11377	0.454498	1
-1.11166	0.0415955	1
-1.10962	-0.70105	1
-1.10846	0.593353	1
-1.10416	-0.105408	1
-1.10339	0.57724	1
-1.10254	-0.0229187	1
-1.0983	-0.545349	1
-1.08801	0.614258	1
-1.08545	-0.551971	1
-1.08353	-0.284119	1
-1.08078	-0.181244	1
-1.07422	0.556244	1
-1.07123	-0.917023	1
-1.06671	0.491211	1
-1.06152	-0.0592957	1
-1.0538	0.0814209	1
-1.05173	-0.187347	1
-1.04953	0.211029	1
-1.04865	-0.655731	1
-1.0477	-0.788391	1
-1.04697	-0.877838	1
-1.04449	-0.377136	1
-1.03946	-0.881714	1
-1.03857	-0.252075	1
-1.03311	-0.966339	1
-1.03137	0.125153	1
-1.02905	0.259277	1
-1.02667	0.041626	1
-1.02185	0.929871	1
-1.02042	0.94223	1
-1.01749	-0.813538	1
-1.01392	-0.205414	1
-1.0123	0.658447	1
-1.00879	-0.918762	1
-1.00308	0.639313	1
-1.00085	-0.768555	1
-0.998718	-0.864166	1
-0.995728	-0.417908	1
-0.99411	-0.707855	1
-0.992645	0.576233	1
-0.986542	-0.103149	1
-0.98468	-0.821777	1
-0.983765	0.3284	1
-0.980164	-0.204102	1
-0.979126	0.73291	1
-0.974945	-0.215393	1
-0.972198	-0.355072	1
-0.969818	0.465332	1
-0.966797	0.880554	1
-0.962799	0.741272	1
-0.959106	-0.173523	1
-0.956635	0.699219	1
-0.953094	0.818298	1
-0.94986	-0.881592	1
-0.947357	0.168427	1
-0.946045	-0.908447	1
-0.944305	-0.571228	1
-0.941193	0.00820923	1
-0.936005	-0.361206	1
-0.929291	0.607727	1
-0.928223	-0.294739	1
-0.925385	0.00518799	1
-0.92334	0.186066	1
-0.919403	-0.846313	1
-0.918518	-0.806519	1
-0.915344	0.309265	1
-0.906464	0.825958	1
-0.90329	-0.668182	1
-0.899872	0.434753	1
-0.898071	0.411591	1
-0.894867	0.359741	1
-0.893799	-0.368439	1
-0.888428	-0.10202	1
-0.885254	-0.304688	1
-0.88092	0.247192	1
-0.878265	0.284424	1
-0.872772	0.0657349	1
-0.868378	-0.847046	1
-0.867401	-0.515228	1
-0.862793	0.706848	1
-0.859894	0.738953	1
-0.858368	0.172302	1
-0.857239	-0.689484	1
-0.852692	-0.165894	1
-0.846558	-0.721924	1
-0.842773	-0.727783	1
-0.840393	0.52359	1
-0.83847	-0.66745	1
-0.834717	0.17984	1
-0.83197	0.206512	1
-0.827545	-0.0689087	1
-0.824677	-0.549866	1
-0.823425	0.374237	1
-0.822388	0.452728	1
-0.82074	-0.481903	1
-0.817078	0.0176697	1
-0.813049	0.237823	1
-0.811646	-0.343109	1
-0.808594	0.787079	1
-0.806091	0.715576	1
-0.803162	0.451691	1
-0.79834	-0.282349	1
-0.797028	0.576294	1
-0.795044	0.772949	1
-0.792145	0.474091	1
-0.788574	0.128326	1
-0.785889	0.245972	1
-0.781128	-0.077179	1
-0.778259	0.568634	1
-0.775452	-0.643127	1
-0.769623	0.423828	1
-0.764374	0.108795	1
-0.757263	0.129242	1
-0.750793	-0.570679	1
-0.748169	0.462189	1
-0.746399	0.0569458	1
-0.742706	-0.109619	1
-0.738098	-0.31134	1
-0.730591	0.348969	1
-0.722961	-0.560974	1
-0.720428	0.568726	1
-0.717102	0.227417	1
-0.71225	-0.168945	1
-0.700378	-0.322174	1
-0.693604	-0.28421	1
-0.689697	0.154266	1
-0.686646	0.143219	1
-0.680115	0.0863342	1
-0.673859	0.2547	1
-0.669128	-0.562744	1
-0.665955	0.582977	1
-0.662598	0.393372	1
-0.658447	0.0443726	1
-0.651062	0.462158	1
-0.648407	-0.0144958	1
-0.642487	-0.618073	1
-0.639008	-0.379883	1
-0.636566	0.454041	1
-0.628998	-0.0436401	1
-0.625916	0.0791321	1
-0.618042	0.441925	1
-0.615662	0.243927	1
-0.611298	0.550171	1
-0.606445	-0.3974	1
-0.602142	-0.119781	1
-0.60141	-0.43277	1
-0.598938	0.349792	1
-0.589081	0.49411	1
-0.588318	0.232056	1
-0.583527	0.476624	1
-0.575287	0.122253	1
-0.57251	-0.221619	1
-0.570862	0.318176	1
-0.568298	0.0210571	1
-0.555969	-0.466614	1
-0.552521	0.359222	1
-0.546753	-0.476837	1
-0.543915	-0.271881	1
-0.538666	0.494843	1
-0.534363	-0.126862	1
-0.519043	0.109436	1
-0.509277	0.453735	1
-0.503113	-0.439026	1
-0.499329	-0.274139	1
-0.49646	0.33432	1
-0.490753	0.382355	1
-0.483124	-0.14035	1
-0.4758	-0.452026	1
-0.468842	-0.209991	1
-0.463226	0.300842	1
-0.455109	0.36499	1
-0.453064	0.089325	1
-0.451263	-0.351044	1
-0.447388	-0.394501	1
-0.44046	0.158386	1
-0.433319	0.0203247	1
-0.429871	0.39621	1
-0.424805	0.207031	1
-0.419037	-0.195618	1
-0.415894	0.306641	1
-0.409271	-0.0709229	1
-0.399261	-0.27536	1
-0.393799	-0.195526	1
-0.374939	0.0413513	1
-0.371338	-0.160187	1
-0.367035	-0.311249	1
-0.356689	-0.0560303	1
-0.349274	-0.199585	1
-0.343719	-0.00466919	1
-0.337585	-0.307465	1
-0.330872	0.180237	1
-0.312378	0.0904236	1
-0.307129	-0.30304	1
-0.302338	0.135315	1
-0.295898	0.109589	1
-0.29126	-0.0582275	1
-0.272339	-0.0432129	1
-0.260773	0.148071	1
-0.255249	0.215088	1
-0.232117	-0.0505066	1
-0.226471	0.0637207	1
-0.214508	0.17041	1
-0.204773	-0.196503	1
-0.182526	0.099823	1
-0.16333	0.0557556	1
-0.148804	-0.0747986	1
-0.142639	0.109314	1
-0.131531	-0.0812073	1
-0.113983	0.0637207	1
-0.104889	-0.0725098	1
-0.0978394	0.0479126	1
0.035675	-0.0065918	2
0.0690918	-0.0161438	2
0.0965576	-0.0513916	2
0.150604	0.0811768	2
0.169495	0.144989	2
0.187866	0.168488	2
0.198273	0.118134	2
0.205658	-0.125641	2
0.212982	-0.0686646	2
0.226959	-0.0592957	2
0.240356	0.0065918	2
0.24588	0.18985	2
0.252075	0.0549927	2
0.272705	0.000762939	2
0.278442	0.129303	2
0.285431	-0.26709	2
0.291443	0.156982	2
0.302063	-0.0382996	2
0.325256	0.307251	2
0.34198	-0.285461	2
0.345459	-0.19519	2
0.35025	-0.275543	2
0.354004	0.351593	2
0.36496	-0.231567	2
0.370178	-0.0288086	2
0.376434	-0.330902	2
0.384857	-0.28064	2
0.386108	0.300507	2
0.392761	-0.343964	2
0.40329	0.0374756	2
0.409119	-0.378601	2
0.41391	0.138062	2
0.418762	0.0652771	2
0.422821	-0.0962524	2
0.433563	0.405975	2
0.443909	0.0197449	2
0.448425	0.376099	2
0.458923	0.256226	2
0.463837	0.0225525	2
0.467255	0.292999	2
0.477783	-0.229614	2
0.47995	-0.300446	2
0.484344	0.293121	2
0.48645	0.424622	2
0.493042	0.189331	2
0.503357	0.165802	2
0.508698	-0.503265	2
0.512909	-0.255737	2
0.519989	0.41684	2
0.527832	0.484283	2
0.528687	-0.0919189	2
0.532654	0.430267	2
0.541504	-0.319427	2
0.543976	0.375732	2
0.549744	-0.0967712	2
0.556427	0.314606	2
0.559723	0.412079	2
0.574188	0.0428772	2
0.578125	0.220947	2
0.582672	0.00747681	2
0.585968	-0.109161	2
0.603302	-0.22821	2
0.606873	0.428314	2
0.615906	0.238251	2
0.618073	0.573334	2
0.624756	-0.61853	2
0.62973	0.137665	2
0.635284	-0.607971	2
0.638519	0.0758667	2
0.641327	0.143555	2
0.644836	0.643311	2
0.650421	-0.637604	2
0.657562	-0.548553	2
0.660614	-0.456909	2
0.667877	-0.199371	2
0.673492	0.141663	2
0.675293	-0.0345154	2
0.682617	-0.274445	2
0.68515	0.424286	2
0.685883	0.0248108	2
0.693634	-0.493256	2
0.696442	0.488464	2
0.706848	-0.361694	2
0.719116	-0.166199	2
0.723022	0.0182495	2
0.727478	-0.0773315	2
0.733337	-0.444244	2
0.739014	-0.494904	2
0.742798	-0.119415	2
0.74588	0.686401	2
0.750336	0.541992	2
0.752045	0.226013	2
0.753448	-0.265778	2
0.759064	-0.197601	2
0.763275	-0.653473	2
0.766296	0.164307	2
0.773376	-0.591644	2
0.778992	-0.071167	2
0.780762	0.0630188	2
0.78418	0.672394	2
0.790192	-0.611023	2
0.793488	0.743713	2
0.796356	-0.233734	2
0.799774	0.0809021	2
0.801941	0.0674133	2
0.805634	0.258423	2
0.806915	0.348816	2
0.812103	0.161407	2
0.816803	-0.297668	2
0.825256	0.801666	2
0.82901	-0.522614	2
0.833496	0.74472	2
0.835419	-0.190948	2
0.837311	0.0430298	2
0.84314	0.820526	2
0.846069	0.195984	2
0.849609	-0.749878	2
0.854004	-0.692841	2
0.857086	-0.410767	2
0.862274	-0.470215	2
0.863373	-0.726074	2
0.866608	-0.798828	2
0.8685	-0.139404	2
0.871674	-0.210571	2
0.872833	0.168457	2
0.875244	0.0609436	2
0.878296	-0.393402	2
0.88266	0.42572	2
0.886505	0.472076	2
0.887665	-0.449615	2
0.891083	0.0343018	2
0.895172	-0.792725	2
0.898102	-0.723419	2
0.901733	-0.693207	2
0.907776	-0.511597	2
0.917511	0.845673	2
0.921112	0.595978	2
0.9245	-0.326782	2
0.926453	-0.362305	2
0.93042	-0.660706	2
0.935364	0.397583	2
0.937653	0.601746	2
0.941254	0.647034	2
0.944946	-0.940155	2
0.946991	0.84671	2
0.952148	-0.457825	2
0.953522	-0.883942	2
0.955292	-0.464844	2
0.958374	-0.503479	2
0.962036	0.0777893	2
0.962341	-0.139221	2
0.964203	-0.117279	2
0.965302	-0.812775	2
0.976563	0.300507	2
0.978271	-0.874207	2
0.978851	-0.0107117	2
0.980774	0.104523	2
0.98584	-0.974518	2
0.989471	0.122925	2
0.994873	0.857056	2
0.99823	-0.374603	2
0.999146	-0.211456	2
0.999969	0.572601	2
1.00275	-0.389008	2
1.00443	-0.652161	2
1.00693	0.417664	2
1.01181	-0.952789	2
1.01343	-0.644318	2
1.0148	-0.599182	2
1.01849	-0.0119324	2
1.01941	-0.569977	2
1.02359	-0.668152	2
1.02405	-0.716522	2
1.0274	0.604004	2
1.03067	0.150757	2
1.03397	-0.630066	2
1.03726	0.353271	2
1.0386	0.542786	2
1.04385	-0.462494	2
1.04559	-0.733551	2
1.04672	0.25592	2
1.05087	0.908569	2
1.05402	0.291595	2
1.05695	0.584961	2
1.06055	-0.710632	2
1.0632	0.620728	2
1.06711	-0.0430298	2
1.07596	0.0642395	2
1.08087	-0.510742	2
1.08316	-0.696594	2
1.08514	0.719055	2
1.08917	-0.357269	2
1.09253	0.710022	2
1.09436	-0.0574341	2
1.09811	0.375153	2
1.09927	-0.0587158	2
1.10187	0.20517	2
1.10394	0.543335	2
1.11038	-0.502319	2
1.11203	-0.841614	2
1.1138	-0.494568	2
1.11676	0.0870361	2
1.12009	0.788788	2
1.1235	-0.853912	2
1.12732	0.644196	2
1.1293	0.377167	2
1.13141	-0.260376	2
1.13437	-0.578461	2
1.13605	0.581024	2
1.1409	-0.66803	2
1.14276	-0.681641	2
1.14688	-0.0361023	2
1.15015	-0.802521	2
1.15164	0.163086	2
1.15506	-0.170288	2
1.1597	-0.694397	2
1.16235	0.827057	2
1.16534	-0.659851	2
1.16757	0.750641	2
1.16928	-0.135864	2
1.17108	0.111877	2
1.17548	-0.359741	2
1.17792	-0.456451	2
1.18182	-0.511383	2
1.18524	-0.346893	2
1.18948	0.67099	2
1.19122	-0.73996	2
1.19647	-0.630371	2
1.19907	-0.0548401	2
1.2037	0.160095	2
1.20541	0.391846	2
1.20804	0.329437	2
1.20959	0.120209	2
1.2164	0.600922	2
1.22638	-0.518158	2
1.22836	-0.586578	2
1.22995	0.134338	2
1.23401	-0.319458	2
1.23758	0.559509	2
1.24042	-0.257202	2
1.24161	0.667419	2
1.24417	-0.671844	2
1.24692	0.7276	2
1.24908	0.663605	2
1.25552	-0.630829	2
1.26093	0.231812	2
1.26624	-0.66922	2
1.26962	0.62796	2
1.27469	-0.279022	2
1.28384	0.0115356	2
1.28952	0.0409241	2
1.29514	0.401855	2
1.29694	-0.0458679	2
1.30084	-0.310791	2
1.30286	-0.303986	2
1.30823	-0.489136	2
1.3125	0.429596	2
1.32062	-0.0213013	2
1.32462	0.643921	2
1.32849	-0.0484314	2
1.33179	-0.559845	2
1.33591	0.274841	2
1.33987	0.454407	2
1.34106	-0.658569	2
1.35321	0.234436	2
1.35831	-0.45108	2
1.36191	0.429443	2
1.36401	0.430756	2
1.36618	-0.370819	2
1.36768	-0.481598	2
1.36905	0.255554	2
1.36966	0.478912	2
1.3765	-0.296661	2
1.39063	-0.526245	2
1.39209	-0.153656	2
1.39481	-0.321381	2
1.40402	0.237061	2
1.41052	0.202789	2
1.41373	0.151978	2
1.41763	0.285614	2
1.4252	-0.119904	2
1.42776	0.310669	2
1.43051	0.179535	2
1.4346	-0.367401	2
1.43893	0.479767	2
1.44672	-0.263397	2
1.45709	-0.418915	2
1.45856	0.240662	2
1.46823	-0.179321	2
1.47595	0.290741	2
1.47754	0.415436	2
1.48785	-0.407867	2
1.49118	0.220367	2
1.49228	0.0247192	2
1.49612	-0.448669	2
1.50476	0.100159	2
1.5097	-0.337921	2
1.52151	0.474121	2
1.52701	-0.157928	2
1.53482	-0.246582	2
1.54272	0.246094	2
1.54611	-0.012146	2
1.55042	0.30661	2
1.55835	-0.329041	2
1.56339	0.00402832	2
1.56668	-0.0856628	2
1.56873	0.342102	2
1.58154	-0.328766	2
1.58865	-0.115112	2
1.599	0.378235	2
1.6033	-0.342926	2
1.61719	0.152161	2
1.61942	0.101929	2
1.63718	0.137329	2
1.63901	0.29599	2
1.64832	0.154114	2
1.65167	-0.303406	2
1.66376	0.264069	2
1.67181	0.0612488	2
1.67459	0.268402	2
1.68314	0.122101	2
1.68491	-0.218536	2
1.69772	0.279724	2
1.70377	-0.188202	2
1.71082	0.173248	2
1.7168	0.0922241	2
1.72382	0.056488	2
1.76147	-0.205048	2
1.78043	-0.119263	2
1.80167	0.158081	2
1.82196	-0.0116882	2
1.89746	0.0846863	2
1.92902	0.0603943	2
1.94073	-0.0214539	2
2.05722	0.0110779	3
2.10861	0.102142	3
2.14987	-0.0936584	3
2.17911	0.173309	3
2.18698	-0.109192	3
2.20157	-0.146881	3
2.2197	0.091217	3
2.24872	-0.247925	3
2.2532	0.22406	3
2.26382	0.241638	3
2.27188	-0.208344	3
2.27835	-0.070343	3
2.28525	0.0941467	3
2.29672	-0.277924	3
2.29907	0.0544434	3
2.31921	0.259399	3
2.33023	0.0839844	3
2.3428	-0.175171	3
2.3526	0.0591736	3
2.35352	0.133026	3
2.36484	0.0157471	3
2.36829	-0.269623	3
2.37363	-0.0921631	3
2.38733	-0.0741882	3
2.38959	0.0939941	3
2.40002	0.0426025	3
2.40585	0.209473	3
2.41144	-0.0728149	3
2.41879	0.224518	3
2.42297	0.175842	3
2.42682	0.204285	3
2.42789	0.0256042	3
2.435	-0.246185	3
2.43747	-0.0715332	3
2.44388	-0.20163	3
2.44864	-0.142212	3
2.46478	0.193542	3
2.46765	0.286072	3
2.47937	-0.167877	3
2.48972	-0.124512	3
2.49762	0.313904	3
2.5011	-0.0581055	3
2.50766	0.294159	3
2.51285	0.356049	3
2.5202	0.342072	3
2.52289	0.118591	3
2.52631	0.204468	3
2.53787	-0.0915527	3
2.54175	-0.391205	3
2.55161	0.539917	3
2.55545	0.0363159	3
2.55902	0.0640564	3
2.5607	0.528381	3
2.56357	0.509491	3
2.57114	0.551941	3
2.58441	-0.549316	3
2.58743	0.267731	3
2.59094	0.539001	3
2.59372	-0.304382	3
2.60315	-0.515411	3
2.61188	-0.605804	3
2.62854	0.112122	3
2.63144	0.536224	3
2.63452	-0.472046	3
2.63599	-0.468658	3
2.63885	-0.121674	3
2.64261	0.392975	3
2.65051	0.365112	3
2.65549	-0.158417	3
2.6629	-0.329742	3
2.66971	0.461731	3
2.68051	0.252258	3
2.68524	0.365448	3
2.69016	-0.564606	3
2.69623	-0.551727	3
2.7002	-0.698151	3
2.70883	-0.458435	3
2.7139	-0.170288	3
2.7164	0.0361633	3
2.71814	0.65448	3
2.72324	-0.718109	3
2.72723	0.615723	3
2.73398	0.0748596	3
2.74237	-0.732697	3
2.74606	-0.572052	3
2.75839	-0.272949	3
2.75995	0.586792	3
2.76364	-0.508545	3
2.77298	-0.560638	3
2.77682	0.0619812	3
2.77802	0.173706	3
2.78073	-0.602753	3
2.78256	-0.639435	3
2.78326	-0.525208	3
2.78488	-0.452972	3
2.78641	0.405029	3
2.78781	0.369049	3
2.78964	-0.64621	3
2.79434	0.0440369	3
2.79495	0.280609	3
2.79855	-0.260925	3
2.80307	-0.243042	3
2.80582	0.581055	3
2.81036	0.382233	3
2.81281	0.038269	3
2.81903	0.139404	3
2.82272	0.183868	3
2.82599	-0.334991	3
2.828	0.694977	3
2.82977	0.492859	3
2.83295	-0.157745	3
2.84146	-0.138336	3
2.84363	-0.123779	3
2.84824	0.0020752	3
2.85178	0.429321	3
2.85681	-0.432983	3
2.85843	-0.26062	3
2.86032	-0.768524	3
2.86804	0.759979	3
2.87018	-0.525452	3
2.87125	0.193695	3
2.87335	-0.804504	3
2.87732	0.139679	3
2.88031	0.642242	3
2.88464	-0.69339	3
2.88751	-0.237579	3
2.88989	0.449158	3
2.89114	0.182465	3
2.89581	0.210724	3
2.89938	-0.165558	3
2.90128	-0.682861	3
2.90222	0.520782	3
2.90607	0.610657	3
2.90976	0.646149	3
2.91849	0.258667	3
2.92023	0.351654	3
2.92188	0.726013	3
2.92603	0.410858	3
2.92819	-0.481171	3
2.93301	-0.6521	3
2.93375	-0.455658	3
2.93649	-0.414703	3
2.93857	0.28595	3
2.94196	-0.550354	3
2.94498	-0.538269	3
2.94739	0.101196	3
2.94943	0.315247	3
2.95187	-0.270203	3
2.95551	0.809296	3
2.95801	0.663727	3
2.96033	0.339386	3
2.96317	0.366333	3
2.9675	0.89502	3
2.96887	-0.514252	3
2.97232	-0.0813599	3
2.97369	0.45752	3
2.97565	-0.284943	3
2.97696	0.463379	3
2.97906	0.0137634	3
2.9808	-0.946472	3
2.98367	-0.539825	3
2.98596	0.220612	3
2.98901	0.431091	3
2.99033	0.747498	3
2.99329	-0.382599	3
2.99576	0.738739	3
2.99887	-0.678223	3
3.00092	0.371033	3
3.00455	-0.155701	3
3.00589	0.779358	3
3.00998	-0.895355	3
3.01294	-0.559235	3
3.01599	0.933167	3
3.01868	-0.436096	3
3.02548	-0.586945	3
3.02826	-0.673523	3
3.03024	-0.356506	3
3.03531	0.822601	3
3.03925	-0.544922	3
3.04364	-0.490143	3
3.04602	0.493958	3
3.04761	-0.068573	3
3.04971	-0.0145264	3
3.05396	-0.120453	3
3.05743	-0.457092	3
3.05875	0.610321	3
3.06168	0.814545	3
3.06763	0.712799	3
3.07077	-0.0324097	3
3.07281	-0.235535	3
3.07443	-0.292145	3
3.07974	0.165344	3
3.08524	0.163055	3
3.08661	-0.311707	3
3.08749	-0.458557	3
3.09381	0.358978	3
3.09811	-0.598083	3
3.10007	0.384277	3
3.10239	0.822235	3
3.10626	-0.548706	3
3.11032	0.0556335	3
3.11185	0.350525	3
3.11728	0.798615	3
3.11844	0.456482	3
3.12057	0.491852	3
3.12723	-0.500946	3
3.13058	0.763672	3
3.13449	-0.206512	3
3.13641	0.434021	3
3.14218	-0.763763	3
3.14899	-0.65036	3
3.15115	0.270172	3
3.15399	-0.278412	3
3.15457	0.612427	3
3.15753	-0.426178	3
3.15942	0.138214	3
3.16125	-0.675934	3
3.1716	0.67337	3
3.17664	0.0755005	3
3.18048	-0.604767	3
3.18756	0.544708	3
3.19	0.777618	3
3.19876	-0.680298	3
3.20206	-0.737396	3
3.21487	-0.369385	3
3.21985	0.347504	3
3.22232	0.7276	3
3.22562	-0.718597	3
3.23056	0.748138	3
3.2327	0.122192	3
3.23462	0.524323	3
3.23734	0.717255	3
3.24307	-0.411346	3
3.24435	-0.324493	3
3.24692	0.334259	3
3.25131	0.726898	3
3.25693	0.360413	3
3.25861	-0.693146	3
3.2619	0.351166	3
3.26447	-0.603943	3
3.26501	-0.147186	3
3.26624	0.0339355	3
3.27014	0.499084	3
3.2717	-0.621552	3
3.27347	0.528503	3
3.27777	0.152313	3
3.28333	-0.501434	3
3.28769	-0.280609	3
3.28922	-0.339417	3
3.2959	0.134979	3
3.29633	-0.030365	3
3.30093	0.0595398	3
3.30658	-0.479645	3
3.31137	0.389252	3
3.31741	0.48642	3
3.32153	0.654602	3
3.32693	0.153931	3
3.32919	0.0820007	3
3.332	0.408051	3
3.33798	0.151215	3
3.34775	-0.640961	3
3.34933	0.544098	3
3.3533	-0.479828	3
3.35666	-0.602295	3
3.3605	0.598236	3
3.36368	-0.32901	3
3.36963	-0.54657	3
3.37216	-0.165497	3
3.37738	0.409119	3
3.38049	-0.346313	3
3.38693	0.423767	3
3.38907	0.450378	3
3.39676	-0.439636	3
3.40265	-0.297852	3
3.40353	0.191589	3
3.40561	-0.276794	3
3.40683	-0.572144	3
3.41605	-0.0525513	3
3.42078	0.350586	3
3.42383	0.229065	3
3.42749	0.00424194	3
3.43936	0.127319	3
3.4451	-0.496277	3
3.45013	-0.0566406	3
3.45911	0.484161	3
3.474	0.38681	3
3.47787	-0.129852	3
3.47946	-0.00546265	3
3.48279	0.48996	3
3.4863	0.486206	3
3.49957	0.101379	3
3.50613	-0.394775	3
3.51175	-0.28717	3
3.52103	0.287811	3
3.52444	0.0290527	3
3.5271	0.0439453	3
3.52866	0.427521	3
3.53918	-0.0939026	3
3.54218	-0.0062561	3
3.5448	-0.347443	3
3.55627	-0.144684	3
3.56598	0.38916	3
3.5708	0.136505	3
3.58566	-0.0426331	3
3.58865	-0.224548	3
3.59561	-0.289886	3
3.60492	0.215271	3
3.61404	0.306366	3
3.62933	-0.057312	3
3.63083	-0.065918	3
3.64154	0.18985	3
3.65033	0.052124	3
3.65396	-0.204346	3
3.66513	-0.0629883	3
3.67136	0.0726318	3
3.68698	0.00180054	3
3.69879	-0.231598	3
3.70825	0.162201	3
3.72067	0.00872803	3
3.72763	0.0240173	3
3.73965	0.0938721	3
3.7464	-0.0191345	3
3.7493	0.0215149	3
3.75403	-0.0637207	3
3.77179	0.0154419	3
3.78943	-0.0479126	3
3.81622	-0.0239563	3
3.82578	-0.14856	3
3.84033	0.0152283	3
3.85938	-0.122925	3
3.88324	-0.0414734	3
3.89261	-0.063324	3
3.94199	0.0240784	3
-1.93231	2.05688	4
-1.90518	2.009	4
-1.88153	1.94046	4
-1.86761	1.92023	4
-1.85272	2.10648	4
-1.83911	2.00101	4
-1.7999	2.19858	4
-1.78265	2.21329	4
-1.77502	2.00275	4
-1.75934	2.04181	4
-1.73984	1.80817	4
-1.72427	2.09909	4
-1.72137	1.82779	4
-1.71008	1.88257	4
-1.69571	1.8363	4
-1.68637	1.87103	4
-1.67737	2.28848	4
-1.67133	2.30392	4
-1.66821	1.94101	4
-1.65323	2.02115	4
-1.638	2.2608	4
-1.62967	1.65765	4
-1.62424	2.1701	4
-1.60574	1.8114	4
-1.59955	2.06055	4
-1.59415	2.29919	4
-1.58881	2.39233	4
-1.58514	1.84055	4
-1.58054	1.93057	4
-1.5737	1.99783	4
-1.57159	1.6824	4
-1.56454	1.57214	4
-1.55038	1.5929	4
-1.54828	2.05545	4
-1.54092	1.64651	4
-1.53262	1.71887	4
-1.53027	1.68292	4
-1.51788	1.99048	4
-1.51538	1.8457	4
-1.50912	1.6058	4
-1.50653	1.58188	4
-1.49503	2.39099	4
-1.48654	1.6199	4
-1.48071	2.11398	4
-1.47455	2.37515	4
-1.47293	1.68576	4
-1.47055	1.51404	4
-1.46542	1.51028	4
-1.45731	1.86404	4
-1.45291	1.83685	4
-1.44852	1.50958	4
-1.44302	1.47629	4
-1.43936	1.48929	4
-1.43219	1.54187	4
-1.431	2.18814	4
-1.42657	1.60938	4
-1.42151	2.48254	4
-1.41852	1.8111	4
-1.41235	1.84836	4
-1.40887	1.6337	4
-1.40222	2.34082	4
-1.39685	1.6467	4
-1.38885	2.04858	4
-1.38577	1.52826	4
-1.38177	1.73004	4
-1.37192	1.67947	4
-1.36615	1.8345	4
-1.36203	2.18109	4
-1.35809	1.85056	4
-1.35205	1.50137	4
-1.3457	1.97635	4
-1.33948	2.22568	4
-1.33527	2.34802	4
-1.33145	2.48105	4
-1.32724	2.62027	4
-1.32339	1.80786	4
-1.31711	1.57184	4
-1.30859	1.57455	4
-1.30188	2.21515	4
-1.29965	2.52585	4
-1.29474	2.12704	4
-1.29004	1.56985	4
-1.28903	2.49606	4
-1.28204	2.44705	4
-1.27554	1.77289	4
-1.2626	2.72552	4
-1.25943	2.12665	4
-1.25473	1.56488	4
-1.24942	2.65216	4
-1.24545	2.39194	4
-1.24493	1.95157	4
-1.23962	2.02783	4
-1.23746	1.35693	4
-1.23288	2.37238	4
-1.22629	2.49457	4
-1.22336	1.48874	4
-1.22122	1.69821	4
-1.21933	1.62869	4
-1.21609	2.38919	4
-1.21219	1.27737	4
-1.20898	1.79559	4
-1.20444	1.50153	4
-1.20148	2.20203	4
-1.19656	2.6908	4
-1.19067	2.34515	4
-1.18658	2.45279	4
-1.18286	1.93405	4
-1.18091	2.42419	4
-1.18042	2.20667	4
-1.17651	2.57343	4
-1.16931	1.79968	4
-1.16806	1.23145	4
-1.16318	1.55911	4
-1.15622	2.01114	4
-1.15216	2.28735	4
-1.15063	2.65219	4
-1.14862	2.43289	4
-1.14557	2.06973	4
-1.14322	2.32407	4
-1.14059	1.82507	4
-1.13736	1.88669	4
-1.13263	2.582	4
-1.12817	2.54031	4
-1.1214	2.66574	4
-1.11954	1.35843	4
-1.11313	1.79922	4
-1.11172	1.22986	4
-1.10895	1.7196	4
-1.10507	1.8999	4
-1.09399	1.33704	4
-1.08908	1.43921	4
-1.08633	1.2366	4
-1.08289	2.83868	4
-1.0795	2.08481	4
-1.07889	2.79538	4
-1.07648	2.68683	4
-1.06384	2.70099	4
-1.06293	1.75659	4
-1.05896	1.61542	4
-1.05725	2.20807	4
-1.05338	2.54083	4
-1.04941	2.60687	4
-1.04828	2.48746	4
-1.04376	1.26062	4
-1.04172	2.42773	4
-1.04001	1.99774	4
-1.03702	1.22577	4
-1.03372	2.92981	4
-1.02942	2.16196	4
-1.02716	1.06186	4
-1.02344	1.09222	4
-1.02271	1.33392	4
-1.02032	2.05518	4
-1.01859	2.41794	4
-1.01749	2.53476	4
-1.01566	1.50214	4
-1.00848	2.47766	4
-1.00531	2.09509	4
-0.99942	1.67645	4
-0.996887	2.58102	4
-0.995117	1.31046	4
-0.988586	1.69122	4
-0.983612	2.97116	4
-0.982452	2.61359	4
-0.981293	2.28003	4
-0.979431	2.31299	4
-0.977814	2.17334	4
-0.970306	1.10837	4
-0.964844	2.12823	4
-0.963837	1.79843	4
-0.962738	1.10635	4
-0.95639	1.81512	4
-0.953705	1.99649	4
-0.951569	2.4512	4
-0.945313	1.16666	4
-0.939941	2.41327	4
-0.934998	1.70398	4
-0.933167	2.62225	4
-0.924866	2.58084	4
-0.922394	1.23865	4
-0.921722	2.65118	4
-0.918884	2.34668	4
-0.916687	2.4686	4
-0.91449	2.54422	4
-0.912994	1.87717	4
-0.908875	2.117	4
-0.905273	2.87112	4
-0.902527	1.35944	4
-0.902008	2.30267	4
-0.899597	1.31812	4
-0.896606	1.5083	4
-0.893097	1.47214	4
-0.889618	1.94409	4
-0.886475	2.31436	4
-0.88031	1.1763	4
-0.874756	1.22842	4
-0.871979	1.14838	4
-0.863892	1.87018	4
-0.860809	2.08353	4
-0.855835	2.57315	4
-0.85376	2.58228	4
-0.851044	1.54004	4
-0.849518	2.31415	4
-0.848175	2.39185	4
-0.845795	1.66077	4
-0.845062	1.59973	4
-0.842255	1.42807	4
-0.840027	1.90369	4
-0.838593	2.35593	4
-0.833282	2.63586	4
-0.831909	2.8194	4
-0.83017	2.3656	4
-0.825653	1.61288	4
-0.823639	1.24976	4
-0.822937	1.6076	4
-0.817963	2.23648	4
-0.814758	1.98148	4
-0.811951	2.37616	4
-0.811157	2.20868	4
-0.808594	1.84961	4
-0.802246	2.70557	4
-0.800537	2.0368	4
-0.797058	2.07294	4
-0.794128	1.6991	4
-0.790283	1.82886	4
-0.787506	1.67371	4
-0.78537	1.77838	4
-0.780334	2.34338	4
-0.779388	2.40213	4
-0.777771	1.77911	4
-0.776672	1.74136	4
-0.772827	2.48706	4
-0.769958	1.44272	4
-0.764771	2.54755	4
-0.760284	1.40082	4
-0.753021	2.53934	4
-0.750122	2.36432	4
-0.745422	1.94559	4
-0.742828	1.97717	4
-0.740631	2.25046	4
-0.736664	2.21231	4
-0.729828	2.34045	4
-0.727234	1.59097	4
-0.721588	2.02725	4
-0.719604	1.86606	4
-0.717773	1.69919	4
-0.715973	1.93118	4
-0.713013	1.29312	4
-0.708099	2.63278	4
-0.702972	1.69394	4
-0.700897	2.17633	4
-0.698975	1.36737	4
-0.693634	2.64679	4
-0.685394	2.29868	4
-0.680023	2.41211	4
-0.676575	2.60156	4
-0.671356	1.75348	4
-0.669617	1.51645	4
-0.668488	1.6795	4
-0.665771	1.89801	4
-0.663269	2.34152	4
-0.660919	1.44513	4
-0.65271	2.57986	4
-0.651123	1.48828	4
-0.647064	1.68301	4
-0.641846	2.45169	4
-0.637207	1.71317	4
-0.627136	1.75308	4
-0.621948	1.86032	4
-0.617889	1.52066	4
-0.616089	1.78156	4
-0.608063	2.53748	4
-0.604218	1.44385	4
-0.598663	1.48621	4
-0.593079	2.17416	4
-0.585846	2.41162	4
-0.579285	2.01501	4
-0.575409	1.62912	4
-0.571045	2.0018	4
-0.567841	2.29053	4
-0.566376	1.59747	4
-0.558533	1.69229	4
-0.555634	2.37976	4
-0.549835	2.2962	4
-0.542786	2.3046	4
-0.537781	1.88229	4
-0.531921	2.17551	4
-0.529541	1.77872	4
-0.52182	1.72003	4
-0.510406	2.40939	4
-0.507813	2.10477	4
-0.495209	1.57202	4
-0.484802	2.06616	4
-0.482056	2.08286	4
-0.475342	1.77625	4
-0.473175	2.15536	4
-0.463287	2.19543	4
-0.459564	1.5499	4
-0.455139	1.92926	4
-0.442139	1.85336	4
-0.440826	2.06454	4
-0.438293	2.3674	4
-0.433197	2.04492	4
-0.425476	2.28766	4
-0.41806	2.19403	4
-0.409271	1.60754	4
-0.402039	2.13235	4
-0.393921	1.83652	4
-0.392365	2.00961	4
-0.391357	1.68546	4
-0.380096	1.91913	4
-0.374023	1.72702	4
-0.36145	2.34616	4
-0.355469	2.21082	4
-0.343201	1.86374	4
-0.329559	2.18097	4
-0.31723	1.96301	4
-0.310486	1.84198	4
-0.302399	1.77579	4
-0.284698	1.87708	4
-0.280304	2.23764	4
-0.267639	2.0585	4
-0.252197	2.09048	4
-0.2435	2.09958	4
-0.220337	2.07513	4
-0.213654	2.20673	4
-0.194946	2.04202	4
-0.187531	1.86646	4
-0.176483	1.99268	4
-0.15741	1.97293	4
-0.150238	2.11682	4
-0.109222	1.97632	4
-0.0785522	2.01627	4
0.0498047	2.01563	5
0.07547	1.96558	5
0.0967102	2.06485	5
0.119232	1.97302	5
0.149628	1.99344	5
0.17981	2.11484	5
0.196259	1.85559	5
0.213837	2.15826	5
0.218811	1.83517	5
0.226868	2.1799	5
0.234589	2.21979	5
0.241577	2.22522	5
0.242554	1.90375	5
0.248047	2.19672	5
0.2612	2.10107	5
0.270782	1.9407	5
0.276642	2.1347	5
0.285065	1.85049	5
0.290863	2.13766	5
0.307037	2.21341	5
0.312317	2.25632	5
0.319977	1.94849	5
0.337524	2.24146	5
0.34433	1.93442	5
0.352966	1.81665	5
0.361908	2.26648	5
0.366821	2.2916	5
0.379395	2.03543	5
0.387726	1.82043	5
0.390594	1.78113	5
0.397675	1.73721	5
0.406433	1.6358	5
0.413727	2.17776	5
0.424194	1.92386	5
0.432343	1.90762	5
0.436035	1.64154	5
0.444122	2.10648	5
0.457611	1.88199	5
0.465698	1.97809	5
0.468506	1.71127	5
0.473846	1.76093	5
0.480408	1.90369	5
0.486755	2.13434	5
0.488098	1.94785	5
0.500946	1.89081	5
0.505005	2.47287	5
0.513245	2.47263	5
0.516327	1.69006	5
0.519989	1.51355	5
0.524292	2.27463	5
0.531616	2.1297	5
0.532532	2.4993	5
0.540009	2.18967	5
0.542816	1.63846	5
0.544922	1.63574	5
0.547302	2.3905	5
0.551758	2.24619	5
0.555664	1.87564	5
0.56311	2.38608	5
0.567932	1.87479	5
0.57959	1.96906	5
0.582703	2.36267	5
0.583313	2.32056	5
0.584229	2.47784	5
0.590302	1.67664	5
0.594025	2.11856	5
0.599731	2.21393	5
0.604675	2.39914	5
0.612091	2.01276	5
0.614624	1.54434	5
0.616302	1.83231	5
0.621307	1.51501	5
0.623962	1.8428	5
0.627686	1.4433	5
0.629608	2.30557	5
0.632263	2.40936	5
0.636444	1.69153	5
0.641815	2.25549	5
0.644257	2.49106	5
0.647827	2.58881	5
0.648773	2.40009	5
0.652649	2.24237	5
0.65332	1.67035	5
0.656311	1.87369	5
0.659698	1.69968	5
0.664032	1.86621	5
0.667694	1.44403	5
0.674042	2.1062	5
0.677429	2.37064	5
0.68396	2.13257	5
0.690063	2.11905	5
0.699677	1.78638	5
0.703491	2.66208	5
0.715515	2.65948	5
0.722198	1.79132	5
0.725708	1.91199	5
0.729767	2.08673	5
0.732513	1.50052	5
0.73468	1.41068	5
0.742401	2.06387	5
0.756866	1.50586	5
0.760895	1.30511	5
0.76297	1.84229	5
0.764435	2.314	5
0.766785	1.88754	5
0.771454	1.9472	5
0.777252	1.83698	5
0.779633	1.60602	5
0.786896	2.36261	5
0.790497	1.53693	5
0.794891	2.00064	5
0.796356	2.60468	5
0.806824	2.72598	5
0.810333	2.11389	5
0.811218	2.13998	5
0.813995	2.7764	5
0.816376	1.42538	5
0.820892	2.7233	5
0.826233	1.25299	5
0.82785	1.76834	5
0.83252	2.78571	5
0.841614	2.1275	5
0.84436	1.29156	5
0.850555	1.54596	5
0.857971	2.68817	5
0.86261	2.85135	5
0.864746	1.21802	5
0.867828	2.10562	5
0.873871	2.79004	5
0.87674	1.95322	5
0.879303	1.46719	5
0.882935	2.3389	5
0.884796	1.20697	5
0.890533	2.85565	5
0.893677	1.12601	5
0.897369	1.57867	5
0.899078	2.73566	5
0.902588	1.40256	5
0.905548	2.55405	5
0.910004	2.04425	5
0.914612	1.89005	5
0.918549	1.75778	5
0.920166	2.34967	5
0.924133	2.64761	5
0.928101	2.20978	5
0.930176	1.38589	5
0.935944	1.50919	5
0.938629	2.80194	5
0.944366	1.56985	5
0.947327	2.84259	5
0.952087	1.25964	5
0.953735	2.73212	5
0.959137	1.62881	5
0.961304	1.22244	5
0.964661	2.94904	5
0.97229	2.63315	5
0.974701	1.16119	5
0.976837	2.42847	5
0.978241	1.64038	5
0.978607	2.64182	5
0.983276	1.86719	5
0.987335	2.74646	5
0.991211	2.12164	5
0.995575	2.1405	5
0.99942	2.45764	5
1.0011	2.7247	5
1.00665	1.72437	5
1.01181	1.31787	5
1.01422	2.68039	5
1.01505	1.74924	5
1.0188	1.54608	5
1.01944	1.87228	5
1.02274	2.70798	5
1.02524	2.11072	5
1.02728	1.77829	5
1.03152	1.43063	5
1.03497	1.83707	5
1.04089	2.1532	5
1.04205	1.66162	5
1.04483	1.77875	5
1.04794	2.89334	5
1.05045	2.21967	5
1.05075	1.73294	5
1.05359	2.17255	5
1.05807	2.4856	5
1.06305	2.42496	5
1.06558	1.34528	5
1.06821	2.52658	5
1.06976	1.57889	5
1.07382	2.2666	5
1.07736	1.38477	5
1.07965	2.68549	5
1.08179	2.78842	5
1.08701	1.12036	5
1.08902	1.17276	5
1.09409	1.19925	5
1.09552	2.88324	5
1.10345	1.60687	5
1.10501	1.94421	5
1.10876	1.88174	5
1.11917	2.22131	5
1.12164	1.5784	5
1.12555	1.46365	5
1.12885	1.3085	5
1.13547	2.32892	5
1.14401	2.51874	5
1.14584	1.1799	5
1.14868	2.73602	5
1.15149	1.40915	5
1.1564	2.09967	5
1.16293	1.41537	5
1.16708	1.84311	5
1.17145	2.39813	5
1.17422	1.65451	5
1.17798	2.67172	5
1.18024	2.48166	5
1.18237	1.89236	5
1.18536	1.28271	5
1.1871	1.93979	5
1.19022	2.72491	5
1.19196	2.11636	5
1.19998	2.24448	5
1.203	1.95493	5
1.20691	2.41669	5
1.21017	1.79059	5
1.21292	2.25168	5
1.21637	1.32956	5
1.21964	1.26236	5
1.22681	2.06091	5
1.23032	2.36292	5
1.23398	1.48395	5
1.23428	1.31516	5
1.23746	1.48041	5
1.24292	1.88968	5
1.24515	1.44006	5
1.24576	1.69604	5
1.2475	2.7507	5
1.24884	1.34125	5
1.25128	2.65216	5
1.25912	1.79425	5
1.26474	2.23618	5
1.2688	1.55417	5
1.27496	1.28854	5
1.27838	1.7753	5
1.28265	1.78351	5
1.28549	1.39865	5
1.28662	1.81525	5
1.28952	1.6825	5
1.298	1.84341	5
1.30142	2.42227	5
1.30307	1.74374	5
1.30768	2.12805	5
1.31146	2.56543	5
1.31613	1.39706	5
1.3237	1.57587	5
1.33221	1.67941	5
1.34573	1.84424	5
1.34924	2.03104	5
1.35547	2.63284	5
1.36118	1.63284	5
1.37033	1.76379	5
1.37244	1.38937	5
1.37601	2.32922	5
1.37665	2.2789	5
1.3786	2.09503	5
1.38113	2.4678	5
1.38672	2.03894	5
1.38885	1.97885	5
1.39249	2.04135	5
1.39444	1.97327	5
1.40128	2.5007	5
1.40558	1.57877	5
1.4071	2.47723	5
1.41196	1.43253	5
1.42569	2.05725	5
1.42944	2.43845	5
1.43365	1.82431	5
1.43588	1.79889	5
1.43881	2.38235	5
1.4465	2.51273	5
1.4502	1.82932	5
1.45224	1.70197	5
1.45831	1.61929	5
1.45941	2.37091	5
1.46548	2.27289	5
1.4696	2.28732	5
1.47058	1.91858	5
1.47321	1.99161	5
1.47687	2.08157	5
1.47818	1.62796	5
1.4812	1.53873	5
1.48953	2.03027	5
1.49637	2.36279	5
1.49673	2.09805	5
1.4978	1.9917	5
1.49854	1.81308	5
1.51105	2.38922	5
1.52209	1.83853	5
1.52643	1.53937	5
1.52954	2.05023	5
1.53922	2.4418	5
1.53979	2.02747	5
1.55099	1.67908	5
1.56708	1.75351	5
1.56857	2.34061	5
1.57703	1.6449	5
1.58847	2.28378	5
1.59637	1.95422	5
1.60422	2.22235	5
1.61621	2.25272	5
1.62051	1.68796	5
1.62802	1.85583	5
1.6311	2.2012	5
1.64667	2.16736	5
1.65735	2.33206	5
1.66574	1.85709	5
1.66766	2.03305	5
1.67233	1.69717	5
1.68106	1.72302	5
1.69522	1.95154	5
1.69638	2.18243	5
1.71417	2.23691	5
1.72604	1.85678	5
1.73157	2.10828	5
1.74692	1.78223	5
1.75659	2.08804	5
1.76129	1.7829	5
1.78708	1.85797	5
1.79169	1.93298	5
1.80368	2.19223	5
1.83136	2.13458	5
1.85022	2.10358	5
1.88742	1.98291	5
1.97363	2.00342	5
2.08051	2.07288	6
2.12631	2.03818	6
2.13678	2.12567	6
2.14609	2.08231	6
2.16718	1.88608	6
2.20209	1.97421	6
2.21243	2.05444	6
2.21686	1.95367	6
2.23111	2.03116	6
2.24045	1.76459	6
2.24786	1.86081	6
2.26047	2.09396	6
2.27234	1.90063	6
2.29266	2.0405	6
2.29971	2.29544	6
2.30536	1.73196	6
2.30966	2.20422	6
2.31253	2.18457	6
2.34552	1.97803	6
2.34833	2.11533	6
2.35211	1.91727	6
2.35977	1.89926	6
2.37704	1.86072	6
2.39496	1.63565	6
2.39789	1.96722	6
2.40634	1.75452	6
2.41229	2.332	6
2.42398	1.67471	6
2.42566	2.06308	6
2.42856	1.89316	6
2.43216	2.40808	6
2.43634	1.64755	6
2.44736	2.19891	6
2.44931	1.81674	6
2.45566	2.25739	6
2.46338	1.83505	6
2.47003	2.13745	6
2.49081	1.63867	6
2.49597	2.45261	6
2.50433	2.20355	6
2.50674	2.27658	6
2.517	1.83606	6
2.53079	2.05582	6
2.53748	2.46936	6
2.54633	1.95776	6
2.54922	2.54803	6
2.55371	2.15991	6
2.56439	2.09027	6
2.57095	2.05215	6
2.57687	1.96835	6
2.58994	2.21454	6
2.59195	1.54279	6
2.59607	1.42657	6
2.5994	1.81088	6
2.608	2.09012	6
2.61414	2.56586	6
2.62115	1.5423	6
2.62866	1.81262	6
2.63065	2.56	6
2.63406	1.60068	6
2.63727	1.41281	6
2.64209	1.94485	6
2.64447	1.66971	6
2.6485	1.84897	6
2.65063	1.54749	6
2.65259	1.59027	6
2.65894	1.44745	6
2.66196	2.08856	6
2.66367	1.45935	6
2.66879	2.06796	6
2.67599	2.57193	6
2.67819	2.62231	6
2.67969	2.33859	6
2.68063	1.55148	6
2.68491	2.31653	6
2.68872	2.46362	6
2.69083	1.51233	6
2.69455	2.55502	6
2.6991	1.70511	6
2.70084	2.54617	6
2.70398	1.62527	6
2.70721	2.082	6
2.71283	2.39813	6
2.71442	2.37228	6
2.71851	2.69086	6
2.72104	1.97528	6
2.72272	1.87076	6
2.72525	1.35876	6
2.73077	2.68164	6
2.73373	2.44119	6
2.73807	1.32022	6
2.74542	2.10632	6
2.75104	2.14603	6
2.75513	1.92566	6
2.75638	1.92261	6
2.75839	2.48141	6
2.7644	1.6434	6
2.76685	1.76196	6
2.77206	2.06345	6
2.77481	1.86658	6
2.7775	1.77911	6
2.77924	2.34863	6
2.78134	2.7623	6
2.78436	2.59637	6
2.79172	2.46579	6
2.79282	2.25174	6
2.79926	1.4415	6
2.79971	2.76895	6
2.80173	1.34152	6
2.80847	1.44696	6
2.80887	2.37592	6
2.81119	2.39737	6
2.81555	1.33749	6
2.81763	1.69507	6
2.82346	1.91269	6
2.82623	2.63986	6
2.82709	1.28668	6
2.82855	1.75256	6
2.83426	2.52164	6
2.84146	1.62427	6
2.84875	2.45218	6
2.85107	2.63165	6
2.85413	1.64307	6
2.85626	2.85052	6
2.85983	2.37909	6
2.86145	1.53748	6
2.86493	2.41849	6
2.8671	2.12442	6
2.87418	2.46793	6
2.87735	2.42197	6
2.87964	1.73154	6
2.88052	1.2052	6
2.88205	1.65347	6
2.88531	1.19986	6
2.88782	2.38373	6
2.89001	1.2749	6
2.89502	1.93448	6
2.89795	2.33572	6
2.90332	2.88205	6
2.90741	2.17593	6
2.90942	2.724	6
2.91183	1.42346	6
2.91565	2.25543	6
2.91861	1.80734	6
2.92108	2.65094	6
2.92419	2.75955	6
2.93088	2.09436	6
2.93704	2.71921	6
2.94171	1.31122	6
2.94427	1.36105	6
2.94745	2.70377	6
2.94946	2.16382	6
2.95361	2.17462	6
2.95758	1.63968	6
2.95944	2.25626	6
2.961	2.03885	6
2.96613	2.32782	6
2.9678	1.57446	6
2.97046	2.18643	6
2.97379	2.84265	6
2.97696	1.51141	6
2.98004	2.7735	6
2.98083	1.30136	6
2.98282	2.58005	6
2.98523	1.92081	6
2.98697	2.49792	6
2.98883	1.24069	6
2.99283	2.40121	6
2.99484	2.42133	6
2.99863	1.8591	6
3.00385	1.47449	6
3.00696	1.39435	6
3.0094	2.68738	6
3.01105	1.84149	6
3.01205	2.198	6
3.01743	1.47104	6
3.02087	1.09155	6
3.0224	2.32632	6
3.02328	2.32111	6
3.02411	2.88953	6
3.0264	1.26935	6
3.03076	2.07434	6
3.03238	2.86264	6
3.03647	2.70499	6
3.03912	2.19061	6
3.04593	2.13562	6
3.04877	1.33902	6
3.05072	1.17465	6
3.05655	2.07593	6
3.06744	1.96967	6
3.07144	1.65613	6
3.07581	1.20181	6
3.07742	1.19644	6
3.08032	2.88486	6
3.08218	2.06015	6
3.08316	2.54797	6
3.08521	1.75708	6
3.08835	2.40158	6
3.0932	2.3255	6
3.09586	1.23459	6
3.09723	2.66397	6
3.10355	1.57327	6
3.10684	1.77908	6
3.11163	1.19577	6
3.11441	1.94153	6
3.12079	2.04791	6
3.12311	2.45999	6
3.12735	2.63947	6
3.13083	1.76965	6
3.13138	1.26459	6
3.1333	1.47659	6
3.13419	2.43005	6
3.13696	2.1459	6
3.14136	1.65723	6
3.14392	1.29086	6
3.14929	2.064	6
3.15491	2.62646	6
3.15811	2.58032	6
3.16385	2.1109	6
3.16599	1.29443	6
3.16776	1.22086	6
3.16846	1.83691	6
3.17105	2.81357	6
3.17389	2.00592	6
3.17877	1.957	6
3.18137	1.79501	6
3.18256	2.54654	6
3.1875	1.6377	6
3.18976	1.45212	6
3.19608	2.04047	6
3.20227	2.27914	6
3.20422	1.96429	6
3.20563	1.54437	6
3.21078	1.71762	6
3.2131	1.26306	6
3.21835	1.35565	6
3.22195	1.80038	6
3.22311	2.73428	6
3.22617	1.4519	6
3.22861	1.95343	6
3.23581	1.49716	6
3.23874	2.2663	6
3.24231	2.62048	6
3.24594	1.61954	6
3.24969	1.35989	6
3.2536	2.44592	6
3.25418	2.6011	6
3.25754	2.5784	6
3.26321	2.194	6
3.26666	1.34439	6
3.26773	2.60007	6
3.27057	2.29419	6
3.27527	1.83249	6
3.27954	1.36417	6
3.28699	2.27759	6
3.29712	2.63467	6
3.30301	1.60641	6
3.30719	2.39944	6
3.31085	2.26004	6
3.31464	1.41522	6
3.31793	2.4794	6
3.3222	2.12479	6
3.3259	2.40936	6
3.32886	1.89935	6
3.33429	1.48233	6
3.33588	1.58374	6
3.34055	1.5762	6
3.34399	2.08392	6
3.34711	2.03406	6
3.35147	2.26361	6
3.35477	1.52029	6
3.35745	2.25208	6
3.3663	1.78552	6
3.36682	1.99854	6
3.37466	1.43594	6
3.37692	2.43002	6
3.38132	1.44839	6
3.38739	2.28635	6
3.39316	1.8114	6
3.39801	1.84586	6
3.40479	2.0069	6
3.4119	1.42624	6
3.41449	2.42435	6
3.41516	1.98715	6
3.4191	1.92853	6
3.43216	1.80518	6
3.44815	1.78436	6
3.45438	2.33969	6
3.45657	1.47473	6
3.46252	1.72556	6
3.46732	1.59048	6
3.46982	1.6813	6
3.47385	1.92932	6
3.49091	1.66876	6
3.49554	2.31009	6
3.49622	1.85815	6
3.50247	1.89487	6
3.51593	1.90283	6
3.52621	2.33618	6
3.52762	1.59692	6
3.54263	1.74579	6
3.55145	1.67621	6
3.56015	2.40253	6
3.56989	2.10098	6
3.57733	1.86804	6
3.58649	1.98285	6
3.58981	2.13232	6
3.59628	1.67398	6
3.59805	1.95706	6
3.60922	1.8978	6
3.62021	1.92978	6
3.62399	1.80493	6
3.62561	1.75723	6
3.63898	1.94696	6
3.65802	2.29364	6
3.6752	2.06989	6
3.6806	1.68863	6
3.6864	2.00787	6
3.69318	1.96558	6
3.70163	1.82159	6
3.71313	1.8793	6
3.71497	2.26001	6
3.72678	2.10449	6
3.73892	2.10092	6
3.74979	1.90497	6
3.76236	2.20676	6
3.7858	1.93524	6
3.81601	2.03711	6
3.82367	2.05148	6
3.83133	2.0611	6
3.8692	2.05157	6
3.89252	1.90277	6
3.91681	2.05954	6
-1.93716	4.00568	7
-1.91208	3.92288	7
-1.8916	4.03107	7
-1.86368	4.03214	7
-1.8309	4.12003	7
-1.80826	3.94485	7
-1.79886	4.03201	7
-1.78427	4.19528	7
-1.76816	4.12051	7
-1.75714	3.84512	7
-1.75476	4.12378	7
-1.74869	3.83783	7
-1.74258	3.82544	7
-1.73029	4.1568	7
-1.72473	4.13089	7
-1.70978	4.02588	7
-1.66925	3.7688	7
-1.65714	4.03146	7
-1.65585	4.25748	7
-1.65021	3.75052	7
-1.64029	3.8992	7
-1.63577	3.66113	7
-1.62808	3.66614	7
-1.62021	3.77026	7
-1.61264	4.0434	7
-1.60876	4.18246	7
-1.60507	3.63626	7
-1.59464	3.85828	7
-1.58121	4.04358	7
-1.57144	4.23856	7
-1.55994	4.43195	7
-1.54971	3.99045	7
-1.54459	3.97098	7
-1.53189	4.17886	7
-1.52747	3.96231	7
-1.51993	4.36838	7
-1.51755	4.15887	7
-1.51346	4.07718	7
-1.50281	4.35059	7
-1.49753	3.74194	7
-1.49118	4.39777	7
-1.48499	3.98297	7
-1.48264	4.13516	7
-1.48044	3.85791	7
-1.47592	4.27701	7
-1.47345	4.4585	7
-1.46512	3.76663	7
-1.45819	4.24606	7
-1.45422	3.93137	7
-1.44986	3.88171	7
-1.4411	3.49606	7
-1.43759	3.97925	7
-1.43518	3.45157	7
-1.4252	4.24118	7
-1.42209	3.4938	7
-1.41507	3.9664	7
-1.41391	3.85895	7
-1.40424	4.05252	7
-1.40009	3.43027	7
-1.38983	3.60193	7
-1.38812	4.09888	7
-1.38052	3.67798	7
-1.37323	4.11621	7
-1.37051	4.29428	7
-1.36404	3.75333	7
-1.35995	4.30975	7
-1.35199	3.89795	7
-1.34375	3.82172	7
-1.34067	3.85062	7
-1.33646	3.59869	7
-1.33511	4.22617	7
-1.33133	4.51883	7
-1.327	4.62265	7
-1.32007	3.6824	7
-1.31705	4.00336	7
-1.31229	4.43109	7
-1.30774	4.59918	7
-1.30417	4.58472	7
-1.30048	4.37076	7
-1.29706	4.01746	7
-1.28867	4.35828	7
-1.28415	4.3327	7
-1.27817	4.59531	7
-1.27536	3.70526	7
-1.2739	3.30762	7
-1.26816	4.71918	7
-1.26648	3.8154	7
-1.26367	3.84341	7
-1.26169	4.24149	7
-1.25974	4.56906	7
-1.25803	3.34717	7
-1.25488	4.62271	7
-1.25424	3.41391	7
-1.24847	3.33289	7
-1.24161	3.34216	7
-1.23608	4.25186	7
-1.23492	3.34488	7
-1.2316	3.4856	7
-1.22635	4.32755	7
-1.22583	4.5387	7
-1.22537	4.56091	7
-1.22052	3.39728	7
-1.21762	3.62656	7
-1.21524	4.51346	7
-1.21158	3.88824	7
-1.21008	3.2262	7
-1.20651	4.33279	7
-1.2041	3.75058	7
-1.20029	4.03595	7
-1.19907	4.52066	7
-1.19699	3.36902	7
-1.19263	3.2439	7
-1.18744	3.86005	7
-1.1842	3.65869	7
-1.18356	4.44711	7
-1.18213	4.21411	7
-1.1796	4.69614	7
-1.16998	4.7326	7
-1.16425	3.54642	7
-1.15988	4.35052	7
-1.15863	3.70688	7
-1.15375	4.43063	7
-1.15128	4.54565	7
-1.1506	3.91678	7
-1.1489	3.35446	7
-1.14474	3.21637	7
-1.14322	4.09033	7
-1.1405	4.69623	7
-1.13666	4.08719	7
-1.1297	4.86465	7
-1.12717	3.55411	7
-1.12103	3.33636	7
-1.11597	3.33255	7
-1.11496	3.28769	7
-1.11276	3.8978	7
-1.10941	3.95364	7
-1.10443	3.25259	7
-1.10355	4.61301	7
-1.10251	4.56088	7
-1.09607	4.16669	7
-1.09323	4.84079	7
-1.08844	3.68112	7
-1.08206	3.97418	7
-1.07767	4.33752	7
-1.07245	4.87308	7
-1.06894	4.51733	7
-1.06628	4.68063	7
-1.06155	3.6676	7
-1.05707	3.11813	7
-1.05673	3.15582	7
-1.05212	3.42032	7
-1.04645	3.23642	7
-1.03918	4.0997	7
-1.03693	4.57831	7
-1.0365	3.67932	7
-1.03165	3.23599	7
-1.02933	3.48038	7
-1.02597	4.37521	7
-1.02463	4.82019	7
-1.01904	3.57507	7
-1.01346	4.84543	7
-1.01224	3.46912	7
-1.01126	3.70456	7
-1.00882	4.71552	7
-1.00153	4.59964	7
-1.00018	3.65262	7
-0.99707	4.40604	7
-0.994812	3.68506	7
-0.991272	4.56195	7
-0.990723	3.39612	7
-0.986694	4.67816	7
-0.984619	3.60764	7
-0.980774	4.44907	7
-0.978699	4.85193	7
-0.977875	4.37137	7
-0.974945	3.80917	7
-0.969055	4.81473	7
-0.966553	4.83807	7
-0.964386	3.43582	7
-0.962036	4.10193	7
-0.959961	3.31979	7
-0.955811	3.61572	7
-0.951935	3.92624	7
-0.950256	4.69232	7
-0.943695	3.11362	7
-0.934662	4.79431	7
-0.929871	3.26837	7
-0.928986	4.27811	7
-0.927002	4.16693	7
-0.924377	3.93552	7
-0.920532	3.9353	7
-0.916779	4.61771	7
-0.910797	4.08926	7
-0.907379	4.16061	7
-0.89978	3.35471	7
-0.897705	4.70502	7
-0.896423	4.35092	7
-0.894043	3.23837	7
-0.892944	3.51477	7
-0.8909	4.07986	7
-0.886658	4.24921	7
-0.879486	3.97018	7
-0.874329	4.53241	7
-0.870636	4.7189	7
-0.86676	4.26657	7
-0.85733	3.83264	7
-0.852081	4.70062	7
-0.847168	3.60559	7
-0.841736	4.37518	7
-0.835327	3.28564	7
-0.829712	4.5578	7
-0.82132	4.1442	7
-0.818726	3.41922	7
-0.81485	3.46609	7
-0.81131	4.49881	7
-0.805725	3.74658	7
-0.804321	4.36053	7
-0.802032	4.72482	7
-0.798248	3.60373	7
-0.792969	3.94534	7
-0.790985	4.31223	7
-0.787445	3.92978	7
-0.783783	3.56094	7
-0.781799	3.92175	7
-0.778076	3.24286	7
-0.772278	4.26865	7
-0.767517	4.03027	7
-0.762939	3.50674	7
-0.760193	4.68491	7
-0.755646	3.34592	7
-0.750946	3.28937	7
-0.746887	3.51874	7
-0.74649	3.4097	7
-0.744324	4.0191	7
-0.740631	3.65689	7
-0.730286	3.94162	7
-0.72287	3.6041	7
-0.714996	3.45151	7
-0.710693	3.5285	7
-0.709076	3.40454	7
-0.707855	4.07953	7
-0.706787	4.37881	7
-0.704132	4.24292	7
-0.701965	3.90842	7
-0.70047	3.51724	7
-0.698242	4.23773	7
-0.695618	4.37582	7
-0.69397	3.45782	7
-0.690125	4.33707	7
-0.688202	3.3468	7
-0.684784	4.12488	7
-0.681641	4.42679	7
-0.676697	4.13739	7
-0.668518	3.35706	7
-0.665405	3.6525	7
-0.663025	3.82498	7
-0.654388	3.34863	7
-0.650848	3.95288	7
-0.6492	3.88586	7
-0.647064	4.63589	7
-0.64389	4.16901	7
-0.640778	4.01926	7
-0.637115	3.57504	7
-0.634521	3.85696	7
-0.630524	4.39166	7
-0.626526	3.95816	7
-0.623688	3.73834	7
-0.618652	3.71042	7
-0.615784	4.09485	7
-0.6138	4.2196	7
-0.610962	4.29758	7
-0.606323	3.9473	7
-0.602051	3.48679	7
-0.591644	3.87137	7
-0.582275	4.43628	7
-0.578003	3.77768	7
-0.570648	4.20959	7
-0.563019	4.13147	7
-0.55896	3.61252	7
-0.55777	4.24698	7
-0.554962	4.36093	7
-0.549042	4.06668	7
-0.53833	4.16998	7
-0.533813	4.07227	7
-0.527435	4.47617	7
-0.525696	4.24094	7
-0.523285	4.24829	7
-0.519806	4.2843	7
-0.518097	4.41098	7
-0.515381	3.52289	7
-0.504333	4.4733	7
-0.500031	4.04248	7
-0.496185	4.38489	7
-0.490082	4.27466	7
-0.486542	4.14966	7
-0.484406	3.62491	7
-0.473602	3.70819	7
-0.467773	3.59668	7
-0.450928	4.10559	7
-0.44635	4.27695	7
-0.438324	4.28928	7
-0.431061	3.76746	7
-0.422516	3.78616	7
-0.415436	4.18512	7
-0.410767	4.39377	7
-0.407806	4.34552	7
-0.405701	3.6969	7
-0.396301	3.9317	7
-0.387177	4.35425	7
-0.376068	4.05475	7
-0.369781	4.36899	7
-0.359924	3.79892	7
-0.354828	3.82147	7
-0.350586	4.15848	7
-0.340973	3.87634	7
-0.323364	4.25729	7
-0.316864	4.13535	7
-0.305695	4.01968	7
-0.294281	4.15765	7
-0.272766	3.7814	7
-0.266541	3.93216	7
-0.253204	4.00793	7
-0.244873	4.13492	7
-0.231628	3.79352	7
-0.214081	3.85052	7
-0.200195	3.90726	7
-0.18924	4.0137	7
-0.171387	3.96051	7
-0.143188	3.94156	7
-0.134491	4.04556	7
-0.124359	3.90234	7
-0.103607	4.05844	7
-0.0974426	3.92606	7
0.0699463	3.96103	8
0.0842896	3.95071	8
0.097229	4.05142	8
0.133209	3.97961	8
0.152008	4.13089	8
0.158997	3.88974	8
0.16391	3.92572	8
0.174957	4.16818	8
0.182678	4.17368	8
0.191925	3.95502	8
0.204529	4.16885	8
0.214691	3.83188	8
0.217743	4.17441	8
0.237701	3.81274	8
0.24173	4.21759	8
0.257965	3.93951	8
0.276459	3.80591	8
0.28299	4.05844	8
0.295959	4.15607	8
0.304016	3.89716	8
0.310974	4.03534	8
0.317993	3.85281	8
0.32254	4.18903	8
0.33078	4.15012	8
0.348419	4.31232	8
0.352081	3.77771	8
0.361176	4.33829	8
0.368378	3.91931	8
0.37677	3.84897	8
0.38501	3.85229	8
0.389099	3.78857	8
0.390778	3.97021	8
0.411499	3.5946	8
0.416077	4.12045	8
0.421844	3.80212	8
0.427826	3.77063	8
0.436279	3.72046	8
0.445404	4.42212	8
0.448975	4.10416	8
0.452057	3.59415	8
0.458527	3.89658	8
0.465149	3.8317	8
0.470795	4.39383	8
0.475128	4.08832	8
0.484039	3.84259	8
0.487671	4.32434	8
0.490692	4.44788	8
0.49707	3.74902	8
0.507629	3.82458	8
0.512604	3.91183	8
0.515564	4.03012	8
0.521576	4.11664	8
0.526642	4.22415	8
0.532684	4.4826	8
0.535339	3.77408	8
0.541046	3.56155	8
0.550507	3.4808	8
0.554382	3.6246	8
0.55719	4.40378	8
0.565186	3.5498	8
0.568848	4.17639	8
0.576752	4.45053	8
0.580414	3.63895	8
0.591248	3.43042	8
0.598572	4.10342	8
0.609528	4.53558	8
0.614563	4.18158	8
0.615601	4.33267	8
0.61969	3.57541	8
0.624359	3.53674	8
0.627136	3.95932	8
0.628754	4.00287	8
0.631134	3.58316	8
0.636169	3.46759	8
0.636658	4.58798	8
0.641113	4.46606	8
0.646698	4.14413	8
0.651886	3.61816	8
0.655762	3.88837	8
0.663574	3.75967	8
0.670227	4.0813	8
0.677673	4.42862	8
0.679077	3.48047	8
0.68396	3.42603	8
0.689392	4.53543	8
0.694672	3.45004	8
0.700531	3.96552	8
0.703735	4.41422	8
0.704437	3.53354	8
0.706543	4.14926	8
0.708221	3.50708	8
0.712585	3.39868	8
0.719696	4.16425	8
0.722229	4.64084	8
0.7258	3.58621	8
0.731964	3.82022	8
0.733795	4.36942	8
0.738007	3.82019	8
0.745422	4.577	8
0.748962	3.89218	8
0.752594	3.77304	8
0.75528	4.72433	8
0.757416	3.34933	8
0.764862	4.07834	8
0.771606	3.44815	8
0.776001	3.64163	8
0.784729	4.64453	8
0.785797	3.58783	8
0.791107	4.64563	8
0.792419	3.38144	8
0.799377	4.3269	8
0.802795	3.77039	8
0.805542	3.73499	8
0.809387	4.15317	8
0.81192	4.55093	8
0.815704	3.95392	8
0.819336	3.61752	8
0.820435	3.93759	8
0.825745	3.61932	8
0.828705	3.67844	8
0.830322	4.04004	8
0.831482	4.82062	8
0.838043	3.99487	8
0.840546	3.5032	8
0.845184	4.59506	8
0.850525	3.99109	8
0.853699	4.19952	8
0.855042	3.164	8
0.858582	4.41919	8
0.861389	4.79349	8
0.861908	4.27606	8
0.862823	4.57336	8
0.863861	4.03156	8
0.871307	3.26294	8
0.874542	3.38635	8
0.877228	3.62494	8
0.879517	3.78497	8
0.885437	3.16162	8
0.887024	3.33151	8
0.88913	4.09912	8
0.890961	3.58923	8
0.895569	4.28372	8
0.898895	3.35129	8
0.907959	4.33481	8
0.911316	3.48312	8
0.912659	3.16589	8
0.916504	3.38168	8
0.92218	4.6001	8
0.924957	3.1293	8
0.926025	3.96365	8
0.928833	4.86517	8
0.932831	4.01578	8
0.937286	4.50848	8
0.94043	4.68011	8
0.943848	3.8186	8
0.946716	3.63217	8
0.952057	3.14615	8
0.953583	3.65805	8
0.9552	3.80569	8
0.959106	4.87698	8
0.961548	4.65311	8
0.964325	4.63211	8
0.965698	4.17017	8
0.967346	3.98978	8
0.970337	4.12433	8
0.972168	4.31296	8
0.975891	4.01099	8
0.980011	3.85413	8
0.984863	3.59445	8
0.988312	4.73459	8
0.99295	3.68121	8
0.998749	3.28589	8
1.00439	3.11453	8
1.00693	3.8801	8
1.00882	4.17465	8
1.01126	3.28241	8
1.01376	3.13205	8
1.01669	4.57007	8
1.02228	3.27173	8
1.02795	3.84067	8
1.02896	4.18372	8
1.03293	3.66116	8
1.0361	4.06717	8
1.03674	4.05231	8
1.03836	3.93793	8
1.03979	4.63669	8
1.04605	4.29846	8
1.04776	4.35269	8
1.04926	4.19342	8
1.0509	3.05722	8
1.05533	4.20367	8
1.05838	3.14542	8
1.06146	4.59708	8
1.06436	3.77728	8
1.07053	4.16779	8
1.07538	3.9227	8
1.07846	3.10388	8
1.08301	4.72879	8
1.08664	3.36081	8
1.08847	3.47971	8
1.09351	4.25931	8
1.09772	3.91141	8
1.09927	4.02655	8
1.10696	3.15912	8
1.11038	4.78918	8
1.11783	4.71777	8
1.12006	4.45444	8
1.12247	3.71918	8
1.12613	3.81482	8
1.12982	4.38556	8
1.13229	3.80038	8
1.13434	3.66605	8
1.13864	3.79861	8
1.1413	4.64835	8
1.14322	4.74179	8
1.14572	4.21008	8
1.15042	4.09592	8
1.1543	3.2262	8
1.16144	4.83313	8
1.16638	3.77261	8
1.16962	3.69693	8
1.1731	4.75662	8
1.17456	4.56192	8
1.17908	3.9707	8
1.18317	3.23975	8
1.1875	4.68878	8
1.19153	4.42087	8
1.19559	3.27811	8
1.2002	3.74158	8
1.20187	3.38937	8
1.20822	4.21289	8
1.21365	4.13977	8
1.21945	3.4346	8
1.22513	4.58984	8
1.22665	4.45535	8
1.23141	4.48871	8
1.23383	4.22974	8
1.23581	4.3576	8
1.2392	4.22699	8
1.24744	4.39505	8
1.25046	4.3988	8
1.25696	3.45731	8
1.26266	4.63867	8
1.26794	4.61017	8
1.27133	3.34631	8
1.28162	3.77228	8
1.28513	3.44543	8
1.29578	4.21854	8
1.29926	3.67358	8
1.30377	3.86905	8
1.30756	4.34384	8
1.31403	3.52872	8
1.31592	4.11362	8
1.32071	3.48148	8
1.32419	4.02737	8
1.32813	3.7991	8
1.33121	4.40909	8
1.33328	3.94778	8
1.33633	3.40237	8
1.34256	3.59402	8
1.34732	3.86252	8
1.35059	3.57568	8
1.35419	3.59152	8
1.36493	3.77625	8
1.36652	4.21954	8
1.37347	4.04715	8
1.3765	4.09247	8
1.38159	4.3981	8
1.38583	3.46332	8
1.38837	4.08563	8
1.39072	4.55569	8
1.39334	4.40332	8
1.40125	3.4505	8
1.40802	4.25922	8
1.41162	4.18893	8
1.42047	4.22083	8
1.42398	3.71088	8
1.42719	3.43393	8
1.42987	4.43616	8
1.43237	4.29373	8
1.43555	4.35336	8
1.4386	4.25284	8
1.44342	3.60666	8
1.44717	3.63153	8
1.45654	3.50824	8
1.46722	3.6756	8
1.47852	4.0267	8
1.48776	4.01953	8
1.49249	4.19623	8
1.50092	4.26981	8
1.51413	4.22943	8
1.5155	3.59619	8
1.51962	4.06415	8
1.53003	3.59634	8
1.53775	3.67578	8
1.54608	3.96881	8
1.55106	3.96075	8
1.55527	3.77103	8
1.56079	4.23743	8
1.5675	3.58743	8
1.57202	3.59995	8
1.5769	3.9545	8
1.57938	3.6149	8
1.59106	4.01852	8
1.59909	4.31793	8
1.60968	4.23132	8
1.61761	4.18909	8
1.62943	4.22043	8
1.63351	4.07733	8
1.64813	3.97092	8
1.65067	3.70499	8
1.65451	4.10547	8
1.66208	3.97876	8
1.66708	4.1467	8
1.68292	3.81824	8
1.69366	4.0668	8
1.70398	4.24649	8
1.71625	3.72037	8
1.73828	3.80057	8
1.75278	3.89041	8
1.75754	4.04712	8
1.76697	4.11414	8
1.79871	4.19754	8
1.81125	3.91367	8
1.81662	4.04105	8
1.83035	3.92914	8
1.8429	4.10709	8
1.85864	3.99631	8
1.87161	4.11984	8
1.89139	3.92276	8
1.90054	4.09625	8
1.90784	4.01663	8
1.91867	4.00192	8
1.95972	4.0173	8
2.09741	4.09738	9
2.11838	3.98309	9
2.1329	3.94205	9
2.16171	4.00626	9
2.17206	3.96692	9
2.19183	4.11963	9
2.21292	3.98041	9
2.22607	3.80899	9
2.24121	3.95209	9
2.26105	3.99084	9
2.26776	3.81192	9
2.276	4.19156	9
2.29001	4.07941	9
2.29672	4.03043	9
2.30362	4.04398	9
2.3179	4.05154	9
2.33499	4.24649	9
2.33908	4.0296	9
2.34485	3.68109	9
2.34961	3.82068	9
2.35718	4.10974	9
2.36304	4.25671	9
2.379	3.97583	9
2.3855	4.30252	9
2.39609	3.6846	9
2.40793	3.97443	9
2.41507	4.35187	9
2.42084	3.61884	9
2.42722	3.57529	9
2.43771	4.11853	9
2.45114	3.60303	9
2.46271	3.94608	9
2.46893	3.56729	9
2.47845	3.68735	9
2.48474	3.9585	9
2.48737	4.29907	9
2.49344	3.75671	9
2.49969	3.99072	9
2.50327	4.18588	9
2.50601	4.37421	9
2.51358	3.67108	9
2.52023	4.1702	9
2.52963	4.52316	9
2.53387	3.60571	9
2.54352	4.51395	9
2.55215	3.61932	9
2.55377	3.68671	9
2.55673	3.55002	9
2.56223	3.74466	9
2.56616	3.67813	9
2.56723	3.92554	9
2.57217	4.267	9
2.57788	4.47073	9
2.58136	4.22653	9
2.5918	4.43079	9
2.59595	3.53711	9
2.59891	3.90067	9
2.60031	3.82062	9
2.60529	4.37006	9
2.612	3.45657	9
2.61801	3.95959	9
2.62082	4.15048	9
2.62357	3.89047	9
2.62692	3.62585	9
2.63144	3.40857	9
2.63684	3.98926	9
2.63953	3.97504	9
2.64487	4.13364	9
2.65067	4.01749	9
2.65308	3.52441	9
2.65698	3.95657	9
2.66394	4.6304	9
2.66885	4.56525	9
2.67438	4.59067	9
2.67612	4.32071	9
2.68088	3.93774	9
2.69101	3.33423	9
2.6987	4.04926	9
2.70294	3.69476	9
2.70563	4.2988	9
2.71219	3.51782	9
2.71582	4.39423	9
2.71939	4.14844	9
2.72403	4.35052	9
2.72839	3.90366	9
2.73135	3.5087	9
2.7446	3.95154	9
2.75049	3.8793	9
2.7525	4.63284	9
2.759	3.63525	9
2.76083	4.5148	9
2.76288	4.02859	9
2.76587	4.71033	9
2.76996	3.5397	9
2.77689	4.39267	9
2.78165	3.96075	9
2.78531	3.65836	9
2.79001	4.01862	9
2.79153	4.50363	9
2.79779	4.59573	9
2.80304	3.85434	9
2.80817	4.556	9
2.81201	3.64612	9
2.81558	4.54608	9
2.81635	3.62726	9
2.81848	3.83963	9
2.82175	4.72943	9
2.82327	3.5618	9
2.82776	3.39532	9
2.83005	3.88754	9
2.83191	4.15143	9
2.83929	4.34705	9
2.8414	3.27496	9
2.84421	3.9957	9
2.84866	4.06271	9
2.85114	4.34103	9
2.85281	3.4791	9
2.85641	3.99689	9
2.85977	3.68015	9
2.86151	4.39856	9
2.8663	4.3924	9
2.871	4.29938	9
2.87244	3.93613	9
2.87482	3.56665	9
2.87595	3.22595	9
2.87717	3.6868	9
2.88062	3.2597	9
2.88358	3.6503	9
2.88919	4.70407	9
2.89554	3.78558	9
2.89713	3.31207	9
2.89835	4.14783	9
2.90109	3.91077	9
2.90292	4.36725	9
2.90601	3.2218	9
2.90845	4.79993	9
2.91336	4.15771	9
2.91467	3.75888	9
2.91565	4.68304	9
2.91699	3.55881	9
2.9194	4.5787	9
2.92139	3.41879	9
2.92368	3.13071	9
2.92947	3.14633	9
2.93063	3.733	9
2.93369	4.23691	9
2.93558	3.67419	9
2.9415	4.09409	9
2.94382	4.46558	9
2.95114	3.78061	9
2.95364	3.8829	9
2.95731	4.37335	9
2.95932	3.12213	9
2.96481	3.0437	9
2.96716	4.21649	9
2.96872	3.21298	9
2.97006	4.02942	9
2.97089	3.11304	9
2.97473	3.20126	9
2.97559	3.18091	9
2.97818	4.22116	9
2.98624	3.35165	9
2.98862	3.75458	9
2.98999	3.30679	9
2.99408	3.15784	9
2.99969	3.45535	9
3.00427	4.04962	9
3.00772	3.90897	9
3.00928	4.20596	9
3.0112	4.57724	9
3.01318	3.79794	9
3.01422	4.69714	9
3.02264	3.39563	9
3.02554	3.81573	9
3.02713	4.8241	9
3.02832	4.10855	9
3.03107	4.01874	9
3.03287	3.35379	9
3.03467	4.27802	9
3.03525	4.10315	9
3.03732	4.27847	9
3.03976	3.73373	9
3.04443	4.29449	9
3.04715	3.31424	9
3.05103	4.18149	9
3.05554	4.75037	9
3.05579	4.22861	9
3.06198	4.62131	9
3.06577	3.34259	9
3.06876	4.9278	9
3.07288	3.32709	9
3.07764	4.69101	9
3.07886	4.03055	9
3.08118	4.07449	9
3.08252	4.66422	9
3.08508	4.56693	9
3.08871	3.22098	9
3.09079	3.60477	9
3.09244	3.5863	9
3.09479	4.78815	9
3.09854	3.51303	9
3.10074	4.3324	9
3.10251	3.491	9
3.10349	4.7645	9
3.10779	4.39767	9
3.11111	4.5022	9
3.1124	4.37549	9
3.11349	3.67953	9
3.11853	4.49692	9
3.12488	4.3728	9
3.12952	4.52472	9
3.134	3.37024	9
3.13574	3.81909	9
3.13907	3.24063	9
3.14035	4.53134	9
3.1459	4.11298	9
3.15482	3.35513	9
3.15915	3.39764	9
3.16681	4.1015	9
3.16916	3.30643	9
3.17242	3.67303	9
3.17709	3.9176	9
3.17935	4.68555	9
3.18277	3.91367	9
3.18463	3.46475	9
3.18808	4.72861	9
3.1936	4.48117	9
3.19717	3.93832	9
3.19775	4.78711	9
3.20206	3.55539	9
3.20724	4.26633	9
3.2113	4.16278	9
3.21518	4.02115	9
3.22223	4.12558	9
3.2276	4.12769	9
3.22888	3.26666	9
3.23083	3.81879	9
3.23404	3.50754	9
3.23566	3.24753	9
3.23575	3.44748	9
3.24515	3.43021	9
3.24973	4.38345	9
3.25327	4.41348	9
3.25882	3.63553	9
3.26266	4.50421	9
3.26569	4.56558	9
3.27332	4.42831	9
3.27896	4.3085	9
3.28079	4.31857	9
3.28394	4.2305	9
3.28738	3.90521	9
3.2897	3.57761	9
3.29749	4.49643	9
3.29919	4.31058	9
3.30496	3.33823	9
3.31015	4.22372	9
3.31256	4.17111	9
3.31543	4.10229	9
3.32074	3.66614	9
3.32275	3.4657	9
3.32718	3.47134	9
3.33218	4.60052	9
3.33609	3.3623	9
3.33994	3.91257	9
3.34225	4.37668	9
3.34497	4.06244	9
3.36322	4.41302	9
3.36725	4.51129	9
3.37262	3.49179	9
3.37656	4.00333	9
3.37875	4.35999	9
3.39026	3.44839	9
3.39435	4.06113	9
3.40189	3.44955	9
3.40744	3.80838	9
3.40863	3.43887	9
3.41354	3.52487	9
3.41638	3.56039	9
3.41971	4.14337	9
3.42752	4.30399	9
3.43103	3.55637	9
3.43878	3.86951	9
3.4433	4.20026	9
3.44962	4.47537	9
3.45084	3.89151	9
3.45258	4.2959	9
3.46793	3.802	9
3.478	3.78738	9
3.48245	3.65857	9
3.49283	3.81644	9
3.50565	4.48477	9
3.51151	3.61462	9
3.51572	3.62796	9
3.52142	4.07532	9
3.5311	3.56839	9
3.53506	4.01755	9
3.54333	4.29926	9
3.55115	3.8685	9
3.55231	4.18002	9
3.55676	3.7226	9
3.56067	3.99863	9
3.56461	4.27927	9
3.56848	3.93085	9
3.57132	4.14444	9
3.57883	4.29709	9
3.58533	3.95834	9
3.59082	4.04895	9
3.59967	4.28241	9
3.60703	3.68753	9
3.61438	4.01257	9
3.61566	4.03085	9
3.61984	3.73877	9
3.62753	4.14545	9
3.6312	4.20361	9
3.6351	4.18176	9
3.6391	3.89478	9
3.65625	3.81989	9
3.68097	4.22879	9
3.71085	3.82047	9
3.72015	3.96783	9
3.7301	4.08432	9
3.73611	3.74323	9
3.75415	4.17026	9
3.76596	4.18695	9
3.77542	4.00009	9
3.78473	4.1861	9
3.79544	4.01443	9
3.80444	3.89304	9
3.80911	3.88107	9
3.83362	4.14063	9
3.84756	3.91028	9
3.89923	3.94684	9
3.93759	4.01599	9
